timestamp,raw_hum,filtered_hum,current_tick,prev_tick,v,turn_on_thres,turn_off_thres,peltier,cold_fan,ntc_temp,dew_point
25291,73.84,73.85,25001,25001,0.0,40.05,40.07,1,0,29.1,26.95
25797,73.79,73.85,25001,25001,0.0,40.05,40.07,1,0,28.67,26.95
26303,73.79,73.81,26001,26001,0.0,40.19,40.25,1,0,28.67,26.95
26809,73.79,73.81,26001,26001,0.0,40.19,40.25,1,0,28.67,26.95
27315,73.79,73.8,27001,27001,0.0,40.06,40.08,1,0,28.67,26.95
27821,73.72,73.8,27001,27001,0.0,40.06,40.08,1,0,28.33,26.95
28327,73.72,73.74,28001,28001,0.0,40.26,40.34,1,0,28.33,26.91
28833,73.72,73.74,28001,28001,0.0,40.26,40.34,1,0,28.33,26.91
29339,73.6,73.72,29001,29001,0.0,40.08,40.11,1,0,28.1,26.91
29845,73.6,73.72,29001,29001,0.0,40.08,40.11,1,0,28.1,26.91
30351,73.57,73.64,30001,30001,0.0,40.42,40.55,1,0,27.81,26.9
30857,73.57,73.64,30001,30001,0.0,40.42,40.55,1,0,27.81,26.9
31363,73.46,73.59,31001,31001,0.0,40.24,40.31,1,0,26.94,26.91
31869,73.46,73.59,31001,31001,0.0,40.24,40.31,1,0,26.94,26.91
32375,73.46,73.5,32001,32001,0.0,40.43,40.56,1,0,26.94,26.86
32881,73.4,73.5,32001,32001,0.0,40.43,40.56,1,0,27.25,26.86
33386,73.4,73.44,33001,33001,0.0,40.34,40.44,1,0,27.25,26.88
33892,73.4,73.44,33001,33001,0.0,40.34,40.44,1,0,27.25,26.88
34398,73.4,73.41,34001,34001,0.0,40.11,40.14,1,0,27.25,26.88
34904,73.4,73.41,34001,34001,0.0,40.11,40.14,1,0,27.25,26.88
35410,73.27,73.41,35001,35001,0.0,40.03,40.04,1,0,26.87,26.88
35916,73.27,73.41,35001,35001,0.0,40.03,40.04,1,0,26.87,26.88
36422,73.27,73.32,36001,36001,0.0,40.44,40.57,1,0,26.87,26.83
36928,73.23,73.32,36001,36001,0.0,40.44,40.57,1,0,26.47,26.83
37434,73.23,73.26,37001,37001,0.0,40.29,40.38,1,0,26.47,26.81
37940,73.23,73.26,37001,37001,0.0,40.29,40.38,1,0,26.47,26.81
38446,73.2,73.24,38001,38001,0.0,40.09,40.12,1,0,26.09,26.81
38952,73.2,73.24,38001,38001,0.0,40.09,40.12,1,0,26.09,26.81
39458,73.13,73.21,39001,39001,0.0,40.13,40.18,1,0,26.12,26.82
39964,73.13,73.21,39001,39001,0.0,40.13,40.18,1,0,26.12,26.82
40470,73.13,73.16,40001,40001,0.0,40.26,40.34,1,0,26.12,26.8
40976,73.09,73.16,40001,40001,0.0,40.26,40.34,1,0,25.61,26.8
41482,73.09,73.11,41003,41003,0.0,40.22,40.28,1,0,25.61,26.77
41988,73.09,73.11,41003,41003,0.0,40.22,40.28,1,0,25.61,26.77
42494,73.09,73.1,42004,42004,0.0,40.07,40.09,1,0,25.61,26.77
43000,73.03,73.1,42004,42004,0.0,40.07,40.09,1,0,25.32,26.77
43506,73.03,73.05,43006,43006,0.0,40.22,40.29,1,0,25.32,26.78
44012,73.03,73.04,44006,44006,0.0,40.07,40.09,1,0,25.08,26.78
44518,73.03,73.04,44006,44006,0.0,40.07,40.09,1,0,25.08,26.78
45024,73.05,73.03,45006,45006,0.0,40.02,40.03,1,0,24.92,26.78
45530,73.05,73.03,45006,45006,0.0,40.02,40.03,1,0,24.92,26.78
46036,73.05,73.05,46006,46006,0.01,39.92,39.9,1,0,24.92,26.79
46542,73.0,73.05,46006,46006,0.01,39.92,39.9,1,0,24.7,26.79
47048,73.0,73.01,47006,47006,0.0,40.15,40.2,1,0,24.7,26.78
47554,73.02,73.01,47006,47006,0.0,40.15,40.2,1,0,25.03,26.78
48060,73.02,73.02,48006,48006,0.0,39.98,39.97,1,0,25.03,26.79
48566,73.05,73.02,48006,48006,0.0,39.98,39.97,1,0,24.09,26.79
49072,73.05,73.04,49006,49006,0.01,39.9,39.87,1,0,24.09,26.81
49578,73.01,73.04,49006,49006,0.01,39.9,39.87,1,0,24.14,26.81
50084,73.01,73.02,50006,50006,0.0,40.1,40.13,1,0,24.14,26.78
50590,73.01,73.02,50006,50006,0.0,40.1,40.13,1,0,24.14,26.78
51096,73.02,73.02,51006,51006,0.0,39.99,39.98,1,0,24.05,26.79
51602,73.02,73.02,51006,51006,0.0,39.99,39.98,1,0,24.05,26.79
52108,73.03,73.03,52006,52006,0.0,39.96,39.95,1,0,23.85,26.79
52614,73.03,73.03,52006,52006,0.0,39.96,39.95,1,0,23.85,26.79
53120,73.03,73.03,53006,53006,0.0,39.98,39.98,1,0,23.85,26.79
53626,73.06,73.03,53006,53006,0.0,39.98,39.98,1,0,23.52,26.79
54132,73.06,73.05,54006,54006,0.02,39.88,39.85,1,0,23.52,26.78
54638,73.06,73.05,54006,54006,0.02,39.88,39.85,1,0,23.52,26.78
55144,73.09,73.08,55006,55006,0.02,39.87,39.83,1,0,23.52,26.8
55650,73.09,73.08,55006,55006,0.02,39.87,39.83,1,0,23.52,26.8
56156,73.13,73.11,56006,56006,0.03,39.83,39.78,1,0,23.24,26.83
56662,73.13,73.11,56006,56006,0.03,39.83,39.78,1,0,23.24,26.83
57168,73.13,73.12,57008,57008,0.01,39.94,39.93,1,0,23.24,26.83
57674,73.1,73.12,57008,57008,0.01,39.94,39.93,1,0,22.91,26.83
58180,73.1,73.11,58008,58008,0.0,40.05,40.07,1,0,22.91,26.82
58686,73.1,73.11,58008,58008,0.0,40.05,40.07,1,0,22.91,26.82
59192,73.16,73.14,59008,59008,0.03,39.83,39.77,1,0,22.74,26.83
59698,73.16,73.14,59008,59008,0.03,39.83,39.77,1,0,22.74,26.83
60204,73.11,73.15,60008,60008,0.01,39.94,39.92,1,0,22.42,26.83
60710,73.11,73.15,60008,60008,0.01,39.94,39.92,1,0,22.42,26.83
61216,73.11,73.12,61008,61008,0.0,40.15,40.2,1,0,22.42,26.79
61721,73.14,73.12,61008,61008,0.0,40.15,40.2,1,0,22.46,26.79
62227,73.14,73.13,62008,62008,0.01,39.93,39.92,1,0,22.46,26.84
62733,73.1,73.13,62008,62008,0.01,39.93,39.92,1,0,22.16,26.84
63239,73.1,73.11,63008,63008,0.0,40.1,40.13,1,0,22.16,26.82
63745,73.1,73.11,63008,63008,0.0,40.1,40.13,1,0,22.16,26.82
64251,73.13,73.12,64008,64008,0.0,39.95,39.94,1,0,22.05,26.83
64757,73.13,73.12,64008,64008,0.0,39.95,39.94,1,0,22.05,26.83
65262,73.13,73.12,65008,65008,0.0,39.98,39.98,1,0,22.05,26.83
65768,73.13,73.12,65008,65008,0.0,39.98,39.98,1,0,22.05,26.83
66274,73.08,73.1,66008,66008,0.0,40.14,40.18,1,1,21.79,26.82
66780,73.08,73.1,66008,66008,0.0,40.14,40.18,1,1,21.79,26.82
67286,73.0,73.09,67008,67008,0.0,40.04,40.06,1,1,22.05,26.82
67792,73.0,73.09,67008,67008,0.0,40.04,40.06,1,1,22.05,26.82
68298,73.0,73.03,68008,68008,0.0,40.29,40.37,1,1,22.05,26.78
68804,72.92,73.03,68008,68008,0.0,40.29,40.37,1,1,22.57,26.78
69310,72.92,72.96,69008,69008,0.0,40.36,40.47,1,1,22.57,26.76
69816,72.92,72.96,69008,69008,0.0,40.36,40.47,1,1,22.57,26.76
70322,72.33,72.93,70008,70008,0.0,40.11,40.15,1,1,23.44,26.76
70828,72.33,72.93,70008,70008,0.0,40.11,40.15,1,1,23.44,26.76
71334,71.44,72.53,71008,71008,0.0,42.0,42.6,1,1,23.11,26.6
71839,71.44,72.53,71008,71008,0.0,42.0,42.6,1,1,23.11,26.6
72345,71.44,71.8,72008,72008,0.0,43.65,44.74,1,1,23.11,26.35
72851,70.4,71.8,72008,72008,0.0,43.65,44.74,1,1,23.15,26.35
73357,70.4,70.86,73008,73008,0.0,44.7,46.11,1,1,23.15,26.07
73863,70.4,70.86,73008,73008,0.0,44.7,46.11,1,1,23.15,26.07
74369,68.82,70.55,74008,74008,0.0,41.55,42.01,1,1,23.22,26.07
74875,68.82,70.55,74008,74008,0.0,41.55,42.01,1,1,23.22,26.07
75381,68.82,69.39,75008,75008,0.0,45.79,47.53,1,1,23.22,25.65
75887,68.82,69.39,75008,75008,0.0,45.79,47.53,1,1,23.22,25.65
76393,68.82,69.01,76008,76008,0.0,41.91,42.48,1,1,23.22,25.65
76899,66.85,69.01,76008,76008,0.0,41.91,42.48,1,1,22.87,25.65
77405,66.85,67.56,77008,77008,0.0,47.22,49.39,1,1,22.87,25.13
77911,66.85,67.56,77008,77008,0.0,47.22,49.39,1,1,22.87,25.13
78417,65.72,67.09,78008,78008,0.0,42.38,43.09,1,1,23.13,25.13
78923,65.72,67.09,78008,78008,0.0,42.38,43.09,1,1,23.13,25.13
79429,64.92,66.17,79008,79008,0.0,44.55,45.92,1,0,23.13,24.8
79935,64.92,66.17,79008,79008,0.0,44.55,45.92,1,0,23.13,24.8
80441,64.92,65.34,80008,80008,0.0,44.18,45.44,1,0,23.13,24.59
80947,64.06,65.34,80008,80008,0.0,44.18,45.44,1,0,22.65,24.59
81453,64.06,64.48,81008,81008,0.0,44.28,45.56,1,0,22.65,24.33
81959,64.06,64.48,81008,81008,0.0,44.28,45.56,1,0,22.65,24.33
82465,63.59,64.2,82008,82008,0.0,41.41,41.83,1,0,22.24,24.33
82971,63.59,64.2,82008,82008,0.0,41.41,41.83,1,0,22.24,24.33
83476,63.38,63.79,83008,83008,0.0,42.03,42.63,1,0,21.98,24.2
83982,63.38,63.79,83008,83008,0.0,42.03,42.63,1,0,21.98,24.2
84488,63.38,63.52,84008,84008,0.0,41.36,41.77,1,0,21.98,24.12
84994,63.24,63.52,84008,84008,0.0,41.36,41.77,1,0,21.64,24.12
85500,63.24,63.33,85008,85008,0.0,40.93,41.21,1,0,21.64,24.11
86006,63.24,63.33,85008,85008,0.0,40.93,41.21,1,0,21.64,24.11
86512,63.24,63.27,86016,86016,0.0,40.3,40.39,1,0,21.64,24.11
87018,63.24,63.25,87016,87016,0.0,40.1,40.13,1,0,21.64,24.11
87524,63.16,63.25,87016,87016,0.0,40.1,40.13,1,0,21.31,24.11
88030,63.16,63.19,88016,88016,0.0,40.31,40.4,1,0,21.31,24.09
88536,63.12,63.19,88016,88016,0.0,40.31,40.4,1,0,21.29,24.09
89042,63.12,63.14,89016,89016,0.0,40.22,40.29,1,0,21.29,24.06
89548,63.12,63.14,89016,89016,0.0,40.22,40.29,1,0,21.29,24.06
90054,63.01,63.05,90016,90016,0.0,40.43,40.56,1,0,20.88,24.04
90560,63.01,63.05,90016,90016,0.0,40.43,40.56,1,0,20.88,24.04
91066,62.96,62.99,91016,91016,0.0,40.32,40.42,1,0,20.69,24.04
91572,62.96,62.99,91016,91016,0.0,40.32,40.42,1,0,20.69,24.04
92078,62.93,62.95,92016,92016,0.0,40.18,40.24,1,0,20.71,24.03
92584,62.93,62.95,92016,92016,0.0,40.18,40.24,1,0,20.71,24.03
93090,62.93,62.94,93016,93016,0.0,40.06,40.08,1,0,20.43,24.01
93596,62.93,62.94,93016,93016,0.0,40.06,40.08,1,0,20.43,24.01
94102,62.93,62.93,94016,94016,0.0,40.02,40.02,1,0,20.43,24.01
94608,62.98,62.93,94016,94016,0.0,40.02,40.02,1,0,20.51,24.01
95114,62.98,62.97,95016,95016,0.03,39.83,39.79,1,0,20.51,24.06
95620,62.99,62.97,95016,95016,0.03,39.83,39.79,1,0,20.34,24.06
96126,62.99,62.98,96016,96016,0.01,39.91,39.89,1,0,20.34,24.05
96632,63.01,62.98,96016,96016,0.01,39.91,39.89,1,0,20.02,24.05
97138,63.01,63.0,97016,97016,0.02,39.89,39.86,1,0,20.02,24.05
97644,63.01,63.0,97016,97016,0.02,39.89,39.86,1,0,19.97,24.05
98150,63.01,63.01,98016,98016,0.0,39.97,39.96,1,0,19.97,24.04
98656,63.03,63.01,98016,98016,0.0,39.97,39.96,1,0,19.48,24.04
99162,63.03,63.02,99016,99016,0.01,39.93,39.91,1,0,19.48,24.05
99668,63.02,63.02,99016,99016,0.01,39.93,39.91,1,0,19.74,24.05
100174,63.02,63.02,100016,100016,0.0,40.0,40.0,1,0,19.74,24.08
100680,63.02,63.02,100016,100016,0.0,40.0,40.0,1,0,19.74,24.08
101186,62.98,62.99,101016,101016,0.0,40.12,40.16,1,0,19.56,24.06
101692,62.98,62.99,101016,101016,0.0,40.12,40.16,1,0,19.56,24.06
102198,62.98,62.99,102016,102016,0.0,40.04,40.05,1,0,19.56,24.06
102704,62.98,62.99,102016,102016,0.0,40.04,40.05,1,0,19.56,24.06
103210,62.97,62.98,103016,103016,0.0,40.04,40.05,1,0,19.33,24.07
103716,62.97,62.98,103016,103016,0.0,40.04,40.05,1,0,19.33,24.07
104222,62.97,62.97,104016,104016,0.0,40.01,40.01,1,0,19.33,24.07
104728,62.97,62.97,104016,104016,0.0,40.01,40.01,1,0,19.33,24.07
105234,62.95,62.96,105016,105016,0.0,40.09,40.11,1,0,19.11,24.05
105740,62.95,62.96,105016,105016,0.0,40.09,40.11,1,0,19.11,24.05
106246,62.95,62.95,106017,106017,0.0,40.03,40.03,1,0,19.11,24.05
106752,62.95,62.95,106017,106017,0.0,40.03,40.03,1,0,19.11,24.05
107258,62.95,62.95,107018,107018,0.0,40.0,40.01,1,1,18.77,24.05
107764,62.95,62.95,107018,107018,0.0,40.0,40.01,1,1,18.77,24.05
108270,62.92,62.93,108018,108018,0.0,40.09,40.12,1,1,18.9,24.01
108776,62.92,62.93,108018,108018,0.0,40.09,40.12,1,1,18.9,24.01
109282,62.92,62.92,109018,109018,0.0,40.03,40.04,1,1,18.9,24.01
109788,62.84,62.92,109018,109018,0.0,40.03,40.04,1,1,19.63,24.01
110294,62.84,62.87,110018,110018,0.0,40.26,40.33,1,1,19.63,24.03
110800,62.36,62.87,110018,110018,0.0,40.26,40.33,1,1,20.06,24.03
111306,62.36,62.53,111022,111022,0.0,41.7,42.21,1,1,20.06,23.88
111812,61.45,62.53,111022,111022,0.0,41.7,42.21,1,1,20.36,23.88
112318,61.45,61.8,112022,112022,0.0,43.61,44.7,1,1,20.36,23.62
112824,61.45,61.8,112022,112022,0.0,43.61,44.7,1,1,20.36,23.62
113330,60.3,60.8,113022,113022,0.0,45.03,46.54,1,1,20.43,23.28
113836,60.3,60.8,113022,113022,0.0,45.03,46.54,1,1,20.43,23.28
114342,59.45,59.89,114022,114022,0.0,44.51,45.87,1,1,20.49,23.03
114848,59.45,59.89,114022,114022,0.0,44.51,45.87,1,1,20.49,23.03
115354,59.45,59.59,115022,115022,0.0,41.49,41.93,1,1,20.49,23.03
115860,58.36,59.59,115022,115022,0.0,41.49,41.93,1,1,20.6,23.03
116366,58.36,58.77,116022,116022,0.0,44.13,45.37,1,1,20.6,22.69
116872,57.48,58.77,116022,116022,0.0,44.13,45.37,1,1,20.69,22.69
117378,57.48,57.9,117022,117022,0.0,44.3,45.6,1,0,20.69,22.42
117884,57.48,57.9,117022,117022,0.0,44.3,45.6,1,0,20.69,22.42
118390,56.72,57.62,118022,118022,0.0,41.42,41.84,1,0,21.03,22.42
118896,56.72,57.62,118022,118022,0.0,41.42,41.84,1,0,21.03,22.42
119402,56.23,57.02,119022,119022,0.0,43.01,43.91,1,0,20.53,22.17
119908,56.23,57.02,119022,119022,0.0,43.01,43.91,1,0,20.53,22.17
120414,55.97,56.49,120022,120022,0.0,42.63,43.42,1,0,20.12,22.02
120920,55.97,56.49,120022,120022,0.0,42.63,43.42,1,0,20.12,22.02
121426,55.97,56.14,121022,121022,0.0,41.75,42.28,1,0,20.12,21.93
121932,55.97,56.14,121022,121022,0.0,41.75,42.28,1,0,20.12,21.93
122438,55.64,56.02,122022,122022,0.0,40.58,40.75,1,0,19.56,21.93
122944,55.64,56.02,122022,122022,0.0,40.58,40.75,1,0,19.56,21.93
123450,55.59,55.77,123022,123022,0.0,41.28,41.67,1,0,19.46,21.82
123956,55.59,55.77,123022,123022,0.0,41.28,41.67,1,0,19.46,21.82
124462,55.59,55.65,124022,124022,0.0,40.59,40.77,1,0,19.46,21.82
124968,55.55,55.65,124022,124022,0.0,40.59,40.77,1,0,19.07,21.82
125474,55.55,55.58,125022,125022,0.0,40.31,40.41,1,0,19.07,21.81
125980,55.51,55.58,125022,125022,0.0,40.31,40.41,1,0,19.54,21.81
126486,55.51,55.53,126022,126022,0.0,40.24,40.31,1,0,19.54,21.78
126992,55.56,55.53,126022,126022,0.0,40.24,40.31,1,0,18.88,21.78
127498,55.56,55.55,127022,127022,0.01,39.92,39.89,1,0,18.88,21.85
128004,55.56,55.55,127022,127022,0.01,39.92,39.89,1,0,18.88,21.85
128510,55.54,55.56,128022,128022,0.0,39.97,39.96,1,0,18.64,21.85
129016,55.54,55.56,128022,128022,0.0,39.97,39.96,1,0,18.64,21.85
129522,55.54,55.54,129022,129022,0.0,40.05,40.07,1,0,18.64,21.79
130028,55.51,55.52,130022,130022,0.0,40.1,40.13,1,0,18.38,21.8
130534,55.51,55.52,130022,130022,0.0,40.1,40.13,1,0,18.38,21.8
131040,55.51,55.52,131022,131022,0.0,40.03,40.04,1,0,18.38,21.8
131546,55.5,55.52,131022,131022,0.0,40.03,40.04,1,0,17.97,21.8
132052,55.5,55.51,132022,132022,0.0,40.04,40.06,1,0,17.97,21.79
132558,55.5,55.51,132022,132022,0.0,40.04,40.06,1,0,17.97,21.79
133064,55.5,55.5,133024,133024,0.0,40.01,40.02,1,0,17.88,21.79
133570,55.5,55.5,133024,133024,0.0,40.01,40.02,1,0,17.88,21.79
134076,55.5,55.5,134024,134024,0.0,40.0,40.0,1,0,17.93,21.79
134582,55.5,55.5,134024,134024,0.0,40.0,40.0,1,0,17.93,21.79
135088,55.5,55.5,135024,135024,0.0,40.0,40.0,1,0,17.93,21.79
135594,55.5,55.5,135024,135024,0.0,40.0,40.0,1,0,17.93,21.79
136100,55.54,55.53,136024,136024,0.02,39.85,39.81,1,0,17.8,21.83
136606,55.54,55.53,136024,136024,0.02,39.85,39.81,1,0,17.8,21.83
137112,55.54,55.54,137026,137026,0.0,39.95,39.93,1,0,17.8,21.83
137618,55.58,55.54,137026,137026,0.0,39.95,39.93,1,0,17.76,21.83
138124,55.58,55.57,138026,138026,0.02,39.86,39.82,1,0,17.76,21.83
138630,55.67,55.57,138026,138026,0.02,39.86,39.82,1,0,17.73,21.83
139136,55.67,55.63,139026,139026,0.06,39.66,39.56,1,0,17.73,21.84
139642,55.67,55.63,139026,139026,0.06,39.66,39.56,1,0,17.73,21.84
140148,55.68,55.67,140026,140026,0.03,39.83,39.78,1,0,17.54,21.87
140654,55.68,55.67,140026,140026,0.03,39.83,39.78,1,0,17.54,21.87
141160,55.68,55.68,141026,141026,0.01,39.94,39.93,1,0,17.54,21.87
141666,55.71,55.68,141026,141026,0.01,39.94,39.93,1,0,17.56,21.87
142172,55.71,55.7,142026,142026,0.02,39.89,39.86,1,0,17.56,21.88
142678,55.79,55.7,142026,142026,0.02,39.89,39.86,1,0,17.24,21.88
143184,55.79,55.76,143026,143026,0.06,39.67,39.57,1,0,17.24,21.91
143690,55.79,55.76,143026,143026,0.06,39.67,39.57,1,0,17.24,21.91
144196,55.8,55.79,144026,144026,0.02,39.85,39.81,1,0,17.13,21.91
144702,55.8,55.79,144026,144026,0.02,39.85,39.81,1,0,17.13,21.91
145208,55.83,55.82,145026,145026,0.02,39.86,39.82,1,0,17.04,21.92
145714,55.83,55.82,145026,145026,0.02,39.86,39.82,1,0,17.04,21.92
146220,55.85,55.83,146026,146026,0.0,39.95,39.94,1,0,16.89,21.92
146726,55.85,55.83,146026,146026,0.0,39.95,39.94,1,0,16.89,21.92
147232,55.85,55.84,147026,147026,0.01,39.93,39.91,1,1,16.89,21.94
147738,55.89,55.84,147026,147026,0.01,39.93,39.91,1,1,16.92,21.94
148244,55.89,55.87,148026,148026,0.03,39.84,39.79,1,1,16.92,21.95
148750,55.89,55.87,148026,148026,0.03,39.84,39.79,1,1,16.92,21.95
149256,55.89,55.88,149026,149026,0.01,39.94,39.93,1,1,16.92,21.95
149762,55.87,55.88,149026,149026,0.01,39.94,39.93,1,1,17.69,21.95
150268,55.87,55.87,150026,150026,0.0,40.03,40.05,1,1,17.69,21.93
150774,55.87,55.87,150026,150026,0.0,40.03,40.05,1,1,17.69,21.93
151280,55.87,55.87,151026,151026,0.0,40.01,40.01,1,1,17.69,21.93
151786,54.55,55.87,151026,151026,0.0,40.01,40.01,1,1,18.51,21.93
152292,54.55,54.98,152026,152026,0.0,44.43,45.76,1,1,18.51,21.5
152798,54.55,54.98,152026,152026,0.0,44.43,45.76,1,1,18.51,21.5
153304,54.55,54.69,153026,153026,0.0,41.46,41.9,1,1,18.51,21.5
153810,53.22,54.69,153026,153026,0.0,41.46,41.9,1,1,18.92,21.5
154316,53.22,53.7,154026,154026,0.0,44.93,46.41,1,1,18.92,21.08
154822,52.52,53.7,154026,154026,0.0,44.93,46.41,1,1,18.96,21.08
155328,52.52,52.91,155026,155026,0.0,43.96,45.16,1,0,18.96,20.83
155834,52.52,52.91,155026,155026,0.0,43.96,45.16,1,0,18.96,20.83
156340,51.76,52.14,156026,156026,0.0,43.86,45.01,1,0,19.03,20.55
156846,51.76,52.14,156026,156026,0.0,43.86,45.01,1,0,19.03,20.55
157352,51.25,51.88,157027,157027,0.0,41.27,41.65,1,0,18.7,20.55
157858,51.25,51.88,157027,157027,0.0,41.27,41.65,1,0,18.7,20.55
158364,50.98,51.46,158027,158027,0.0,42.1,42.73,1,0,18.27,20.39
158870,50.98,51.46,158027,158027,0.0,42.1,42.73,1,0,18.27,20.39
159376,50.98,51.14,159027,159027,0.0,41.59,42.07,1,0,18.27,20.31
159882,50.77,51.14,159027,159027,0.0,41.59,42.07,1,0,17.8,20.31
160389,50.77,50.89,160027,160027,0.0,41.25,41.62,1,0,17.8,20.23
160895,50.77,50.89,160027,160027,0.0,41.25,41.62,1,0,17.8,20.23
161401,50.77,50.81,161027,161027,0.0,40.41,40.53,1,0,17.8,20.23
161907,50.77,50.81,161027,161027,0.0,40.41,40.53,1,0,17.8,20.23
162413,50.77,50.78,162027,162027,0.0,40.13,40.17,1,0,17.8,20.23
162919,50.59,50.78,162027,162027,0.0,40.13,40.17,1,0,16.98,20.23
163425,50.59,50.65,163027,163027,0.0,40.63,40.82,1,0,16.98,20.17
163931,50.59,50.65,163027,163027,0.0,40.63,40.82,1,0,16.98,20.17
164437,50.6,50.61,164027,164027,0.0,40.21,40.27,1,0,17.41,20.17
164943,50.6,50.61,164027,164027,0.0,40.21,40.27,1,0,17.41,20.17
165449,50.64,50.61,165027,165027,0.0,40.02,40.03,1,0,16.96,20.18
165955,50.64,50.61,165027,165027,0.0,40.02,40.03,1,0,16.96,20.18
166461,50.64,50.63,166027,166027,0.01,39.9,39.87,1,0,16.96,20.2
166967,50.64,50.63,166027,166027,0.01,39.9,39.87,1,0,16.96,20.2
167473,50.59,50.63,167027,167027,0.0,39.96,39.95,1,0,16.68,20.2
167979,50.59,50.63,167027,167027,0.0,39.96,39.95,1,0,16.68,20.2
168485,50.59,50.61,168027,168027,0.0,40.12,40.16,1,0,16.68,20.18
168991,50.65,50.61,168027,168027,0.0,40.12,40.16,1,0,16.92,20.18
169497,50.65,50.63,169027,169027,0.02,39.85,39.81,1,0,16.92,20.2
170003,50.65,50.63,169027,169027,0.02,39.85,39.81,1,0,16.92,20.2
170509,50.7,50.64,170027,170027,0.0,39.95,39.93,1,0,16.42,20.2
171015,50.7,50.64,170027,170027,0.0,39.95,39.93,1,0,16.42,20.2
171521,50.76,50.68,171027,171027,0.03,39.81,39.75,1,0,16.29,20.22
172027,50.76,50.73,172027,172027,0.04,39.75,39.67,1,0,16.29,20.24
172533,50.76,50.73,172027,172027,0.04,39.75,39.67,1,0,16.29,20.24
173039,50.79,50.77,173027,173027,0.03,39.81,39.76,1,0,16.2,20.26
173545,50.79,50.77,173027,173027,0.03,39.81,39.76,1,0,16.2,20.26
174051,50.82,50.8,174027,174027,0.03,39.82,39.77,1,0,16.16,20.24
174557,50.82,50.8,174027,174027,0.03,39.82,39.77,1,0,16.16,20.24
175063,50.82,50.81,175027,175027,0.01,39.94,39.92,1,0,16.16,20.24
175569,50.89,50.81,175027,175027,0.01,39.94,39.92,1,0,16.14,20.24
176075,50.89,50.87,176027,176027,0.05,39.74,39.66,1,0,16.14,20.28
176581,50.89,50.87,176027,176027,0.05,39.74,39.66,1,0,16.14,20.28
177087,50.89,50.88,177027,177027,0.01,39.91,39.88,1,0,16.14,20.28
177593,50.96,50.88,177027,177027,0.01,39.91,39.88,1,0,16.16,20.28
178099,50.96,50.93,178027,178027,0.05,39.74,39.66,1,0,16.16,20.32
178605,50.96,50.93,178027,178027,0.05,39.74,39.66,1,0,16.16,20.32
179111,51.02,50.99,179027,179027,0.05,39.72,39.64,1,0,16.01,20.35
179617,51.02,50.99,179027,179027,0.05,39.72,39.64,1,0,16.01,20.35
180123,51.02,51.01,180027,180027,0.01,39.9,39.88,1,0,16.01,20.35
180629,51.07,51.01,180027,180027,0.01,39.9,39.88,1,0,15.88,20.35
181135,51.07,51.05,181027,181027,0.03,39.8,39.74,1,0,15.88,20.35
181641,51.1,51.05,181027,181027,0.03,39.8,39.74,1,0,15.71,20.35
182147,51.1,51.08,182027,182027,0.03,39.83,39.78,1,0,15.71,20.36
182653,51.1,51.08,182027,182027,0.03,39.83,39.78,1,0,15.71,20.36
183159,51.12,51.09,183027,183027,0.01,39.94,39.92,1,0,15.75,20.36
183665,51.12,51.09,183027,183027,0.01,39.94,39.92,1,0,15.75,20.36
184171,51.12,51.11,184027,184027,0.02,39.88,39.85,1,0,15.75,20.38
184677,51.16,51.11,184027,184027,0.02,39.88,39.85,1,0,15.47,20.38
185183,51.16,51.15,185027,185027,0.03,39.83,39.78,1,0,15.47,20.38
185689,51.14,51.15,185027,185027,0.03,39.83,39.78,1,0,15.49,20.38
186195,51.14,51.14,186030,186030,0.0,40.02,40.03,1,0,15.49,20.38
186701,51.14,51.14,186030,186030,0.0,40.02,40.03,1,0,15.49,20.38
187207,51.12,51.14,187031,187031,0.0,40.0,40.01,1,0,15.4,20.38
187714,51.12,51.14,187031,187031,0.0,40.0,40.01,1,0,15.4,20.38
188220,51.12,51.13,188031,188031,0.0,40.05,40.07,1,0,15.4,20.37
188726,51.12,51.13,188031,188031,0.0,40.05,40.07,1,0,15.4,20.37
189232,51.13,51.12,189031,189031,0.0,40.01,40.02,1,0,15.21,20.37
189738,51.13,51.12,189031,189031,0.0,40.01,40.02,1,0,15.21,20.37
190244,51.13,51.13,190031,190031,0.0,39.99,39.98,1,1,15.21,20.39
190750,51.12,51.13,190031,190031,0.0,39.99,39.98,1,1,15.1,20.39
191256,51.12,51.12,191031,191031,0.0,40.03,40.04,1,1,15.1,20.4
191762,51.09,51.12,191031,191031,0.0,40.03,40.04,1,1,15.53,20.4
192268,51.09,51.1,192031,192031,0.0,40.1,40.13,1,1,15.53,20.38
192774,51.09,51.1,192031,192031,0.0,40.1,40.13,1,1,15.53,20.38
193280,51.09,51.09,193031,193031,0.0,40.03,40.04,1,1,15.53,20.38
193786,50.35,51.09,193031,193031,0.0,40.03,40.04,1,1,16.63,20.38
194292,50.35,50.59,194031,194031,0.0,42.49,43.23,1,1,16.63,20.09
194798,50.35,50.59,194031,194031,0.0,42.49,43.23,1,1,16.63,20.09
195304,49.59,49.92,195031,195031,0.0,43.35,44.36,1,1,17.07,19.84
195810,49.59,49.92,195031,195031,0.0,43.35,44.36,1,1,17.07,19.84
196316,48.75,49.7,196031,196031,0.0,41.1,41.44,1,1,17.26,19.84
196822,48.75,49.7,196031,196031,0.0,41.1,41.44,1,1,17.26,19.84
197328,48.75,49.06,197031,197031,0.0,43.18,44.13,1,1,17.26,19.55
197834,48.75,49.06,197031,197031,0.0,43.18,44.13,1,1,17.26,19.55
198340,48.75,48.85,198031,198031,0.0,41.05,41.36,1,1,17.26,19.55
198846,47.57,48.85,198031,198031,0.0,41.05,41.36,1,1,17.37,19.55
199352,47.57,47.99,199031,199031,0.0,44.31,45.61,1,0,17.37,19.08
199858,47.57,47.99,199031,199031,0.0,44.31,45.61,1,0,17.37,19.08
200364,46.95,47.3,200034,200034,0.0,43.45,44.49,1,0,17.65,18.84
200870,46.95,47.3,200034,200034,0.0,43.45,44.49,1,0,17.65,18.84
201376,46.95,47.07,201035,201035,0.0,41.14,41.48,1,0,17.65,18.84
201882,46.5,47.07,201035,201035,0.0,41.14,41.48,1,0,17.0,18.84
202388,46.5,46.69,202035,202035,0.0,41.91,42.48,1,0,17.0,18.7
202894,46.5,46.69,202035,202035,0.0,41.91,42.48,1,0,17.0,18.7
203400,46.24,46.56,203035,203035,0.0,40.63,40.81,1,0,16.68,18.7
203906,46.24,46.56,203035,203035,0.0,40.63,40.81,1,0,16.68,18.7
204412,46.21,46.34,204036,204036,0.0,41.08,41.4,1,0,16.4,18.57
204918,46.21,46.34,204036,204036,0.0,41.08,41.4,1,0,16.4,18.57
205424,46.21,46.25,205037,205037,0.0,40.44,40.57,1,0,16.18,18.57
205931,46.21,46.25,205037,205037,0.0,40.44,40.57,1,0,16.18,18.57
206437,46.21,46.22,206037,206037,0.0,40.14,40.19,1,0,16.18,18.57
206943,46.25,46.22,206037,206037,0.0,40.14,40.19,1,0,16.01,18.57
207449,46.25,46.24,207037,207037,0.01,39.92,39.9,1,0,16.01,18.56
207955,46.25,46.24,207037,207037,0.01,39.92,39.9,1,0,16.01,18.56
208461,46.41,46.24,208037,208037,0.0,39.97,39.96,1,0,15.99,18.56
208967,46.41,46.24,208037,208037,0.0,39.97,39.96,1,0,15.99,18.56
209473,46.41,46.36,209037,209037,0.11,39.44,39.27,1,0,15.99,18.63
209979,46.45,46.36,209037,209037,0.11,39.44,39.27,1,0,15.58,18.63
210485,46.45,46.42,210037,210037,0.06,39.67,39.58,1,0,15.58,18.64
210991,46.45,46.42,210037,210037,0.06,39.67,39.58,1,0,15.58,18.64
211497,46.45,46.44,211037,211037,0.02,39.89,39.86,1,0,15.58,18.64
212003,46.46,46.44,211037,211037,0.02,39.89,39.86,1,0,15.36,18.64
212509,46.46,46.45,212037,212037,0.01,39.94,39.93,1,0,15.36,18.67
213015,46.45,46.45,212037,212037,0.01,39.94,39.93,1,0,15.34,18.67
213521,46.45,46.45,213037,213037,0.0,39.99,39.99,1,0,15.34,18.66
214027,46.45,46.45,213037,213037,0.0,39.99,39.99,1,0,15.34,18.66
214533,46.45,46.45,214037,214037,0.0,39.99,39.99,1,0,15.34,18.66
215039,46.48,46.47,215037,215037,0.01,39.9,39.87,1,0,15.23,18.66
215545,46.48,46.47,215037,215037,0.01,39.9,39.87,1,0,15.23,18.66
216051,46.47,46.47,216037,216037,0.0,40.0,40.0,1,0,15.16,18.68
216557,46.47,46.47,216037,216037,0.0,40.0,40.0,1,0,15.16,18.68
217063,46.55,46.52,217037,217037,0.05,39.72,39.64,1,0,14.97,18.72
217569,46.55,46.52,217037,217037,0.05,39.72,39.64,1,0,14.97,18.72
218076,46.55,46.54,218037,218037,0.01,39.9,39.88,1,0,14.97,18.72
218582,46.59,46.54,218037,218037,0.01,39.9,39.88,1,0,14.88,18.72
219088,46.59,46.58,219037,219037,0.03,39.83,39.78,1,0,14.88,18.74
219594,46.59,46.58,219037,219037,0.03,39.83,39.78,1,0,14.88,18.74
220113,46.67,46.59,220037,220037,0.01,39.94,39.92,1,0,14.58,18.74
220620,46.67,46.59,220037,220037,0.01,39.94,39.92,1,0,14.58,18.74
221126,46.67,46.64,221037,221037,0.05,39.72,39.63,1,0,14.58,18.75
221632,46.75,46.64,221037,221037,0.05,39.72,39.63,1,0,14.75,18.75
222138,46.75,46.72,222037,222037,0.07,39.63,39.52,1,0,14.75,18.8
222644,46.75,46.72,222037,222037,0.07,39.63,39.52,1,0,14.75,18.8
223150,46.8,46.77,223037,223037,0.05,39.72,39.64,1,0,14.71,18.83
223656,46.8,46.77,223037,223037,0.05,39.72,39.64,1,0,14.71,18.83
224162,46.8,46.79,224037,224037,0.01,39.9,39.88,1,0,14.71,18.83
224668,46.85,46.79,224037,224037,0.01,39.9,39.88,1,0,14.54,18.83
225174,46.85,46.83,225037,225037,0.03,39.8,39.74,1,0,14.54,18.83
225680,46.89,46.83,225037,225037,0.03,39.8,39.74,1,0,14.38,18.83
226186,46.89,46.87,226037,226037,0.03,39.8,39.74,1,0,14.38,18.83
226692,46.89,46.87,226037,226037,0.03,39.8,39.74,1,0,14.38,18.83
227198,46.93,46.91,227037,227037,0.04,39.79,39.73,1,0,14.58,18.85
227704,46.93,46.91,227037,227037,0.04,39.79,39.73,1,0,14.58,18.85
228210,46.93,46.92,228037,228037,0.01,39.93,39.91,1,0,14.58,18.85
228716,46.99,46.92,228037,228037,0.01,39.93,39.91,1,0,14.34,18.85
229222,46.99,46.97,229037,229037,0.04,39.78,39.71,1,0,14.34,18.89
229728,47.0,46.97,229037,229037,0.04,39.78,39.71,1,0,14.45,18.89
230234,47.0,46.99,230037,230037,0.02,39.88,39.84,1,0,14.45,18.9
230740,47.0,46.99,230037,230037,0.02,39.88,39.84,1,0,14.45,18.9
231246,47.0,47.0,231037,231037,0.0,39.96,39.94,1,0,14.45,18.9
231752,47.02,47.0,231037,231037,0.0,39.96,39.94,1,0,14.12,18.9
232258,47.02,47.01,232037,232037,0.01,39.93,39.91,1,0,14.12,18.92
232764,47.02,47.01,232037,232037,0.01,39.93,39.91,1,0,14.12,18.92
233270,47.01,47.01,233037,233037,0.0,39.97,39.97,1,0,14.1,18.92
233776,47.01,47.01,233037,233037,0.0,39.97,39.97,1,0,14.1,18.92
234282,46.96,47.01,234037,234037,0.0,40.0,40.01,1,0,14.03,18.89
234788,46.96,47.01,234037,234037,0.0,40.0,40.01,1,0,14.03,18.89
235294,46.96,46.98,235037,235037,0.0,40.17,40.22,1,0,14.03,18.91
235800,46.96,46.98,235037,235037,0.0,40.17,40.22,1,0,13.86,18.91
236306,46.96,46.97,236037,236037,0.0,40.05,40.07,1,1,13.86,18.91
236812,46.96,46.97,236037,236037,0.0,40.05,40.07,1,1,13.86,18.91
237318,46.91,46.96,237037,237037,0.0,40.01,40.02,1,1,14.14,18.91
237824,46.91,46.96,237037,237037,0.0,40.01,40.02,1,1,14.14,18.91
238330,46.91,46.93,238037,238037,0.0,40.17,40.22,1,1,14.75,18.9
238836,46.91,46.93,238037,238037,0.0,40.17,40.22,1,1,14.75,18.9
239342,46.58,46.91,239039,239039,0.0,40.07,40.09,1,1,15.34,18.86
239849,46.58,46.91,239039,239039,0.0,40.07,40.09,1,1,15.34,18.86
240355,46.58,46.69,240040,240040,0.0,41.1,41.43,1,1,15.34,18.77
240861,45.98,46.69,240040,240040,0.0,41.1,41.43,1,1,15.51,18.77
241367,45.98,46.22,241040,241040,0.0,42.38,43.09,1,1,15.51,18.52
241873,45.35,46.22,241040,241040,0.0,42.38,43.09,1,1,16.12,18.52
242379,45.35,45.64,242040,242040,0.0,42.9,43.77,1,1,16.12,18.3
242885,44.83,45.64,242040,242040,0.0,42.9,43.77,1,1,16.2,18.3
243391,44.83,45.1,243040,243040,0.0,42.69,43.5,1,0,16.2,18.08
243897,44.32,45.1,243040,243040,0.0,42.69,43.5,1,0,16.38,18.08
244403,44.32,44.58,244040,244040,0.0,42.59,43.36,1,0,16.38,17.83
244909,44.32,44.58,244040,244040,0.0,42.59,43.36,1,0,16.38,17.83
245415,43.93,44.14,245052,245052,0.0,42.14,42.79,1,0,16.4,17.7
245921,43.93,44.14,245052,245052,0.0,42.14,42.79,1,0,16.4,17.7
246427,43.93,44.0,246053,246053,0.0,40.71,40.93,1,0,16.4,17.7
246933,43.65,44.0,246053,246053,0.0,40.71,40.93,1,0,15.53,17.7
247439,43.65,43.77,247053,247053,0.0,41.16,41.51,1,0,15.53,17.59
247945,43.62,43.77,247053,247053,0.0,41.16,41.51,1,0,15.64,17.59
248451,43.62,43.67,248053,248053,0.0,40.49,40.64,1,0,15.64,17.58
248957,43.62,43.67,248053,248053,0.0,40.49,40.64,1,0,15.64,17.58
249463,43.64,43.64,249053,249053,0.0,40.16,40.21,1,0,14.93,17.58
249970,43.64,43.64,249053,249053,0.0,40.16,40.21,1,0,14.93,17.58
250476,43.64,43.64,250054,250054,0.0,39.99,39.99,1,0,14.93,17.6
250982,43.64,43.64,250054,250054,0.0,39.99,39.99,1,0,14.93,17.6
251488,43.68,43.67,251054,251054,0.03,39.84,39.79,1,0,14.73,17.61
251994,43.68,43.67,251054,251054,0.03,39.84,39.79,1,0,14.73,17.61
252500,43.71,43.68,252054,252054,0.01,39.94,39.93,1,0,14.67,17.61
253006,43.71,43.68,252054,252054,0.01,39.94,39.93,1,0,14.67,17.61
253512,43.71,43.7,253054,253054,0.01,39.9,39.87,1,0,14.67,17.6
254018,43.72,43.7,253054,253054,0.01,39.9,39.87,1,0,14.51,17.6
254524,43.72,43.72,254054,254054,0.01,39.9,39.87,1,0,14.51,17.63
255030,43.72,43.72,254054,254054,0.01,39.9,39.87,1,0,14.51,17.63
255536,43.71,43.72,255054,255054,0.0,39.96,39.95,1,0,14.23,17.63
256042,43.71,43.72,255054,255054,0.0,39.96,39.95,1,0,14.23,17.63
256548,43.71,43.71,256054,256054,0.0,40.04,40.05,1,0,14.23,17.62
257054,43.78,43.76,257054,257054,0.04,39.76,39.69,1,0,14.08,17.65
257560,43.78,43.76,257054,257054,0.04,39.76,39.69,1,0,14.08,17.65
258066,43.78,43.78,258054,258054,0.01,39.92,39.89,1,0,14.08,17.65
258572,43.78,43.78,258054,258054,0.01,39.92,39.89,1,0,14.08,17.65
259078,43.8,43.79,259054,259054,0.01,39.92,39.9,1,0,14.03,17.67
259584,43.8,43.79,259054,259054,0.01,39.92,39.9,1,0,14.03,17.67
260090,43.92,43.87,260054,260054,0.08,39.58,39.45,1,0,13.8,17.7
260596,43.92,43.87,260054,260054,0.08,39.58,39.45,1,0,13.8,17.7
261102,43.92,43.9,261054,261054,0.02,39.86,39.82,1,0,13.8,17.7
261608,43.92,43.9,261054,261054,0.02,39.86,39.82,1,0,13.8,17.7
262114,43.93,43.92,262054,262054,0.01,39.9,39.88,1,0,13.77,17.7
262620,43.93,43.92,262054,262054,0.01,39.9,39.88,1,0,13.77,17.7
263126,43.93,43.93,263054,263054,0.0,39.96,39.96,1,0,13.77,17.7
263632,44.04,43.93,263054,263054,0.0,39.96,39.96,1,0,13.77,17.7
264138,44.04,44.0,264054,264054,0.07,39.6,39.48,1,0,13.77,17.76
264644,44.06,44.0,264054,264054,0.07,39.6,39.48,1,0,13.34,17.76
265150,44.06,44.04,265054,265054,0.03,39.81,39.76,1,0,13.34,17.79
265656,44.06,44.04,265054,265054,0.03,39.81,39.76,1,0,13.34,17.79
266162,44.07,44.06,266054,266054,0.02,39.89,39.86,1,0,13.77,17.77
266668,44.07,44.06,266054,266054,0.02,39.89,39.86,1,0,13.77,17.77
267174,44.13,44.11,267054,267054,0.04,39.77,39.71,1,0,13.45,17.8
267680,44.13,44.11,267054,267054,0.04,39.77,39.71,1,0,13.45,17.8
268186,44.18,44.16,268054,268054,0.05,39.74,39.67,1,0,13.45,17.83
268692,44.18,44.16,268054,268054,0.05,39.74,39.67,1,0,13.45,17.83
269198,44.2,44.17,269054,269054,0.01,39.91,39.89,1,0,13.47,17.83
269704,44.2,44.17,269054,269054,0.01,39.91,39.89,1,0,13.47,17.83
270210,44.2,44.19,270054,270054,0.02,39.89,39.85,1,0,13.47,17.83
270716,44.22,44.19,270054,270054,0.02,39.89,39.85,1,0,13.45,17.83
271222,44.22,44.21,271054,271054,0.01,39.9,39.88,1,0,13.45,17.85
271728,44.22,44.21,271054,271054,0.01,39.9,39.88,1,0,13.45,17.85
272234,44.22,44.22,272054,272054,0.0,39.96,39.96,1,0,13.45,17.85
272740,44.25,44.22,272054,272054,0.0,39.96,39.96,1,0,13.29,17.85
273246,44.25,44.24,273054,273054,0.02,39.89,39.86,1,0,13.29,17.87
273752,44.25,44.24,273054,273054,0.02,39.89,39.86,1,0,13.29,17.87
274258,44.26,44.26,274054,274054,0.01,39.91,39.89,1,0,13.16,17.87
274764,44.26,44.26,274054,274054,0.01,39.91,39.89,1,0,13.16,17.87
275270,44.26,44.26,275054,275054,0.0,39.97,39.96,1,0,13.16,17.87
275776,44.26,44.26,275054,275054,0.0,39.97,39.96,1,0,13.16,17.87
276282,44.26,44.26,276054,276054,0.0,39.99,39.98,1,0,13.16,17.89
276788,44.26,44.26,276054,276054,0.0,39.99,39.98,1,0,13.16,17.89
277294,44.26,44.26,277054,277054,0.0,39.99,39.99,1,1,12.79,17.87
277800,44.26,44.26,277054,277054,0.0,39.99,39.99,1,1,12.79,17.87
278306,44.28,44.26,278054,278054,0.0,39.99,39.99,1,1,13.36,17.87
278812,44.28,44.26,278054,278054,0.0,39.99,39.99,1,1,13.36,17.87
279318,44.3,44.27,279054,279054,0.0,39.95,39.94,1,1,13.84,17.88
279824,44.3,44.27,279054,279054,0.0,39.95,39.94,1,1,13.84,17.88
280330,44.3,44.29,280054,280054,0.01,39.9,39.87,1,1,13.84,17.88
280836,43.8,44.29,280054,280054,0.01,39.9,39.87,1,1,14.6,17.88
281342,43.8,43.96,281054,281054,0.0,41.64,42.13,1,1,14.6,17.68
281848,43.2,43.96,281054,281054,0.0,41.64,42.13,1,1,15.08,17.68
282354,43.2,43.45,282054,282054,0.0,42.56,43.33,1,1,15.08,17.44
282860,43.2,43.45,282054,282054,0.0,42.56,43.33,1,1,15.08,17.44
283366,42.62,42.9,283054,283054,0.0,42.76,43.59,0,0,15.34,17.19
283872,42.62,42.9,283054,283054,0.0,42.76,43.59,0,0,15.34,17.19
284378,42.62,42.71,284054,284054,0.0,40.91,41.18,0,0,15.34,17.19
284884,42.62,42.71,284054,284054,0.0,40.91,41.18,0,0,15.34,17.19
285390,42.62,42.65,285054,285054,0.0,40.3,40.39,0,0,15.34,17.19
285896,41.82,42.65,285054,285054,0.0,40.3,40.39,0,0,15.27,17.19
286402,41.82,42.09,286054,286054,0.0,42.8,43.65,0,0,15.27,16.85
286908,41.57,42.09,286054,286054,0.0,42.8,43.65,0,0,14.82,16.85
287414,41.57,41.74,287054,287054,0.0,41.74,42.26,0,0,14.82,16.77
287920,41.57,41.74,287054,287054,0.0,41.74,42.26,0,0,14.82,16.77
288426,41.57,41.63,288054,288054,0.0,40.57,40.74,1,0,14.82,16.77
288932,41.53,41.63,288054,288054,0.0,40.57,40.74,1,0,14.62,16.77
289438,41.53,41.56,289054,289054,0.0,40.33,40.43,1,0,14.62,16.75
289944,41.53,41.56,289054,289054,0.0,40.33,40.43,1,0,14.62,16.75
290450,41.53,41.54,290054,290054,0.0,40.11,40.14,1,0,14.62,16.75
290956,41.53,41.54,290054,290054,0.0,40.11,40.14,1,0,14.36,16.75
291462,41.53,41.53,291054,291054,0.0,40.03,40.04,1,0,14.36,16.75
291968,41.53,41.53,291054,291054,0.0,40.03,40.04,1,0,14.36,16.75
292474,41.53,41.53,292054,292054,0.0,40.01,40.02,1,0,14.34,16.74
292980,41.53,41.53,292054,292054,0.0,40.01,40.02,1,0,14.34,16.74
293486,41.53,41.53,293054,293054,0.0,40.0,40.0,1,0,14.34,16.74
293992,41.6,41.53,293054,293054,0.0,40.0,40.0,1,0,14.36,16.74
294498,41.6,41.57,294054,294054,0.04,39.75,39.68,1,0,14.36,16.78
295004,41.61,41.57,294054,294054,0.04,39.75,39.68,1,0,14.27,16.78
295510,41.61,41.6,295054,295054,0.02,39.86,39.82,1,0,14.27,16.78
296016,41.61,41.6,295054,295054,0.02,39.86,39.82,1,0,14.27,16.78
296522,41.61,41.61,296054,296054,0.0,39.95,39.94,1,0,14.27,16.78
297028,41.62,41.61,296054,296054,0.0,39.95,39.94,1,0,14.14,16.78
297534,41.62,41.61,297054,297054,0.0,39.97,39.96,1,0,14.14,16.8
298040,41.62,41.61,297054,297054,0.0,39.97,39.96,1,0,14.14,16.8
298546,41.73,41.62,298054,298054,0.0,39.99,39.98,1,0,14.19,16.8
299052,41.73,41.62,298054,298054,0.0,39.99,39.98,1,0,14.19,16.8
299558,41.73,41.69,299058,299058,0.07,39.62,39.51,1,0,14.19,16.83
300064,41.8,41.77,300058,300058,0.07,39.62,39.5,1,0,14.47,16.86
300570,41.8,41.77,300058,300058,0.07,39.62,39.5,1,0,14.47,16.86
301076,41.88,41.84,301058,301058,0.07,39.62,39.51,1,0,14.1,16.88
301582,41.88,41.84,301058,301058,0.07,39.62,39.51,1,0,14.1,16.88
302088,41.92,41.87,302058,302058,0.02,39.87,39.84,1,0,14.08,16.88
302595,41.92,41.87,302058,302058,0.02,39.87,39.84,1,0,14.08,16.88
303101,41.92,41.9,303058,303058,0.03,39.81,39.76,1,0,14.08,16.9
303607,42.01,41.9,303058,303058,0.03,39.81,39.76,1,0,13.84,16.9
304113,42.01,41.98,304058,304058,0.07,39.63,39.52,1,0,13.84,16.95
304619,42.01,41.98,304058,304058,0.07,39.63,39.52,1,0,13.84,16.95
305126,42.02,42.0,305058,305058,0.02,39.88,39.84,1,0,13.95,16.95
305633,42.02,42.0,305058,305058,0.02,39.88,39.84,1,0,13.95,16.95
306139,42.02,42.02,306058,306058,0.01,39.91,39.88,1,0,13.95,16.95
306645,42.14,42.02,306058,306058,0.01,39.91,39.88,1,0,13.77,16.95
307151,42.14,42.1,307058,307058,0.08,39.57,39.44,1,0,13.77,17.01
307657,42.14,42.1,307058,307058,0.08,39.57,39.44,1,0,13.77,17.01
308163,42.14,42.13,308058,308058,0.02,39.85,39.81,1,0,13.77,17.01
308669,42.2,42.13,308058,308058,0.02,39.85,39.81,1,0,13.51,17.01
309175,42.2,42.18,309058,309058,0.04,39.75,39.68,1,0,13.51,17.04
309681,42.2,42.18,309058,309058,0.04,39.75,39.68,1,0,13.51,17.04
310187,42.24,42.22,310058,310058,0.04,39.79,39.72,1,0,13.58,17.02
310693,42.24,42.22,310058,310058,0.04,39.79,39.72,1,0,13.58,17.02
311199,42.31,42.28,311058,311058,0.05,39.71,39.63,1,0,13.45,17.09
311705,42.31,42.28,311058,311058,0.05,39.71,39.63,1,0,13.45,17.09
312211,42.35,42.3,312058,312058,0.01,39.9,39.87,1,0,13.49,17.09
312717,42.35,42.3,312058,312058,0.01,39.9,39.87,1,0,13.49,17.09
313223,42.35,42.33,313058,313058,0.03,39.82,39.76,1,0,13.49,17.1
313729,42.35,42.33,313058,313058,0.03,39.82,39.76,1,0,13.49,17.1
314236,42.39,42.34,314058,314058,0.01,39.94,39.92,1,0,13.38,17.1
314743,42.39,42.34,314058,314058,0.01,39.94,39.92,1,0,13.38,17.1
315249,42.39,42.38,315058,315058,0.03,39.83,39.78,1,0,13.38,17.12
315755,42.39,42.38,315058,315058,0.03,39.83,39.78,1,0,13.38,17.12
316261,42.44,42.39,316058,316058,0.01,39.94,39.93,1,0,13.31,17.12
316767,42.44,42.39,316058,316058,0.01,39.94,39.93,1,0,13.31,17.12
317274,42.42,42.42,317058,317058,0.03,39.82,39.77,1,0,12.72,17.16
317781,42.42,42.42,317058,317058,0.03,39.82,39.77,1,0,12.72,17.16
318287,42.42,42.42,318058,318058,0.0,40.0,40.0,1,0,12.72,17.13
318793,42.42,42.42,318058,318058,0.0,40.0,40.0,1,0,12.72,17.13
319299,42.36,42.42,319058,319058,0.0,40.0,40.0,1,0,13.14,17.13
319805,42.36,42.42,319058,319058,0.0,40.0,40.0,1,0,13.14,17.13
320311,42.36,42.38,320058,320058,0.0,40.18,40.23,1,0,13.14,17.12
320817,42.41,42.38,320058,320058,0.0,40.18,40.23,1,0,13.25,17.12
321323,42.41,42.4,321058,321058,0.01,39.91,39.88,1,0,13.25,17.13
321829,42.46,42.4,321058,321058,0.01,39.91,39.88,1,0,12.99,17.13
322335,42.46,42.44,322058,322058,0.03,39.81,39.75,1,0,12.99,17.18
322841,42.46,42.44,322058,322058,0.03,39.81,39.75,1,0,12.99,17.18
323347,42.44,42.45,323058,323058,0.01,39.93,39.91,1,0,12.83,17.18
323854,42.44,42.45,323058,323058,0.01,39.93,39.91,1,0,12.83,17.18
324360,42.44,42.44,324058,324058,0.0,40.04,40.05,1,0,12.83,17.16
324866,42.44,42.44,324058,324058,0.0,40.04,40.05,1,0,12.83,17.16
325372,42.44,42.44,325058,325058,0.0,40.01,40.01,1,0,12.75,17.16
325878,42.44,42.44,325058,325058,0.0,40.01,40.01,1,0,12.75,17.16
326384,42.44,42.44,326058,326058,0.0,40.0,40.0,1,0,12.68,17.16
326890,42.44,42.44,326058,326058,0.0,40.0,40.0,1,0,12.68,17.16
327396,42.44,42.44,327058,327058,0.0,40.0,40.0,1,0,12.75,17.16
327902,42.44,42.44,327058,327058,0.0,40.0,40.0,1,0,12.75,17.16
328408,42.44,42.44,328058,328058,0.0,39.99,39.98,1,0,12.75,17.17
328914,42.42,42.44,328058,328058,0.0,39.99,39.98,1,0,12.59,17.17
329420,42.42,42.43,329058,329058,0.0,40.05,40.06,1,0,12.59,17.16
329926,42.42,42.43,329058,329058,0.0,40.05,40.06,1,0,12.59,17.16
330432,42.38,42.4,330058,330058,0.0,40.15,40.2,1,0,12.55,17.16
330938,42.38,42.4,330058,330058,0.0,40.15,40.2,1,0,12.55,17.16
331444,42.38,42.39,331058,331058,0.0,40.05,40.06,1,0,12.55,17.16
331950,42.41,42.39,331058,331058,0.0,40.05,40.06,1,0,12.48,17.16
332456,42.41,42.4,332058,332058,0.01,39.92,39.9,1,0,12.48,17.16
332962,42.34,42.4,332058,332058,0.01,39.92,39.9,1,0,12.64,17.16
333468,42.34,42.36,333058,333058,0.0,40.2,40.26,1,0,12.64,17.15
333974,42.34,42.36,333058,333058,0.0,40.2,40.26,1,0,12.64,17.15
334480,42.4,42.39,334058,334058,0.02,39.87,39.83,1,0,12.37,17.17
334986,42.4,42.39,334058,334058,0.02,39.87,39.83,1,0,12.37,17.17
335492,42.37,42.4,335058,335058,0.0,39.95,39.94,1,0,13.01,17.17
335998,42.37,42.4,335058,335058,0.0,39.95,39.94,1,0,13.01,17.17
336504,42.37,42.38,336058,336058,0.0,40.08,40.11,1,0,12.37,17.16
337010,42.37,42.38,336058,336058,0.0,40.08,40.11,1,0,12.37,17.16
337516,42.31,42.37,337058,337058,0.0,40.02,40.03,1,0,12.24,17.16
338022,42.31,42.37,337058,337058,0.0,40.02,40.03,1,0,12.24,17.16
338528,42.33,42.33,338058,338058,0.0,40.21,40.27,1,0,12.22,17.12
339034,42.33,42.33,338058,338058,0.0,40.21,40.27,1,0,12.22,17.12
339540,42.33,42.33,339058,339058,0.0,40.0,40.01,1,0,12.22,17.15
340046,42.29,42.33,339058,339058,0.0,40.0,40.01,1,0,12.11,17.15
340552,42.29,42.3,340058,340058,0.0,40.14,40.18,1,1,12.11,17.15
341058,42.3,42.3,341058,341058,0.0,40.0,40.0,1,1,11.95,17.15
341564,42.3,42.3,341058,341058,0.0,40.0,40.0,1,1,11.95,17.15
342070,42.3,42.3,342058,342058,0.0,40.0,40.0,1,1,11.95,17.15
342576,42.4,42.3,342058,342058,0.0,40.0,40.0,1,1,13.16,17.15
343082,42.4,42.37,343058,343058,0.06,39.66,39.56,1,1,13.16,17.17
343588,42.4,42.37,343058,343058,0.06,39.66,39.56,1,1,13.16,17.17
344094,41.88,42.04,344058,344058,0.0,41.61,42.1,0,0,13.99,16.95
344600,41.88,42.04,344058,344058,0.0,41.61,42.1,0,0,13.99,16.95
345106,41.4,41.61,345061,345061,0.0,42.14,42.78,0,0,14.47,16.75
345612,41.4,41.61,345061,345061,0.0,42.14,42.78,0,0,14.47,16.75
346118,41.4,41.47,346061,346061,0.0,40.7,40.92,0,0,14.47,16.75
346624,40.77,41.47,346061,346061,0.0,40.7,40.92,0,0,13.49,16.75
347130,40.77,41.0,347061,347061,0.0,42.36,43.06,0,0,13.49,16.46
347636,40.77,41.0,347061,347061,0.0,42.36,43.06,0,0,13.49,16.46
348142,40.5,40.67,348061,348061,0.0,41.65,42.15,0,0,13.64,16.36
348648,40.5,40.67,348061,348061,0.0,41.65,42.15,0,0,13.64,16.36
349154,40.5,40.56,349061,349061,0.0,40.54,40.71,1,0,13.64,16.36
349660,40.41,40.56,349061,349061,0.0,40.54,40.71,1,0,13.27,16.36
350166,40.41,40.46,350061,350061,0.0,40.48,40.62,1,0,13.27,16.33
350672,40.41,40.46,350061,350061,0.0,40.48,40.62,1,0,13.27,16.33
351178,40.36,40.39,351061,351061,0.0,40.34,40.44,1,0,13.49,16.3
351684,40.36,40.39,351061,351061,0.0,40.34,40.44,1,0,13.49,16.3
352190,40.41,40.41,352061,352061,0.01,39.92,39.9,1,0,13.45,16.33
352696,40.41,40.41,352061,352061,0.01,39.92,39.9,1,0,13.45,16.33
353202,40.41,40.41,353061,353061,0.0,39.97,39.96,1,0,13.45,16.33
353708,40.4,40.41,353061,353061,0.0,39.97,39.96,1,0,13.97,16.33
354214,40.4,40.4,354061,354061,0.0,40.03,40.04,1,0,13.97,16.32
354720,40.39,40.4,354061,354061,0.0,40.03,40.04,1,0,13.34,16.32
355226,40.39,40.39,355061,355061,0.0,40.04,40.06,1,0,13.34,16.34
355732,40.39,40.39,355061,355061,0.0,40.04,40.06,1,0,13.34,16.34
356238,40.4,40.4,356061,356061,0.0,39.98,39.97,1,0,13.21,16.32
356744,40.4,40.4,356061,356061,0.0,39.98,39.97,1,0,13.21,16.32
357250,40.4,40.4,357061,357061,0.0,39.99,39.99,1,0,13.21,16.32
357756,40.41,40.4,357061,357061,0.0,39.99,39.99,1,0,13.31,16.32
358262,40.41,40.41,358061,358061,0.0,39.95,39.93,1,0,13.31,16.33
358768,40.43,40.41,358061,358061,0.0,39.95,39.93,1,0,13.27,16.33
359274,40.43,40.43,359061,359061,0.01,39.92,39.89,1,0,13.27,16.33
359780,40.43,40.43,359061,359061,0.01,39.92,39.89,1,0,13.27,16.33
360286,40.4,40.41,360070,360070,0.0,40.07,40.09,1,0,13.18,16.33
360792,40.4,40.41,360070,360070,0.0,40.07,40.09,1,0,13.18,16.33
361298,40.4,40.41,361071,361071,0.0,40.02,40.03,1,0,13.18,16.33
361804,40.44,40.41,361071,361071,0.0,40.02,40.03,1,0,12.99,16.33
362310,40.44,40.43,362071,362071,0.01,39.9,39.87,1,0,12.99,16.36
362816,40.44,40.43,362071,362071,0.01,39.9,39.87,1,0,12.99,16.36
363322,40.53,40.5,363071,363071,0.07,39.63,39.53,1,0,12.99,16.37
363828,40.53,40.5,363071,363071,0.07,39.63,39.53,1,0,12.99,16.37
364334,40.53,40.52,364071,364071,0.02,39.88,39.84,1,0,12.99,16.37
364840,40.61,40.52,364071,364071,0.02,39.88,39.84,1,0,13.01,16.37
365346,40.61,40.58,365071,365071,0.05,39.7,39.61,1,0,13.01,16.42
365852,40.71,40.58,365071,365071,0.05,39.7,39.61,1,0,12.94,16.42
366359,40.71,40.67,366071,366071,0.08,39.56,39.42,1,0,12.94,16.46
366865,40.71,40.67,366071,366071,0.08,39.56,39.42,1,0,12.94,16.46
367371,40.71,40.7,367071,367071,0.02,39.85,39.81,1,0,12.94,16.46
367877,40.79,40.7,367071,367071,0.02,39.85,39.81,1,0,12.72,16.46
368383,40.79,40.76,368071,368071,0.06,39.69,39.6,1,0,12.72,16.51
368890,40.83,40.76,368071,368071,0.06,39.69,39.6,1,0,12.94,16.51
369397,40.83,40.81,369071,369071,0.04,39.75,39.68,1,0,12.94,16.52
369903,40.83,40.81,369071,369071,0.04,39.75,39.68,1,0,12.94,16.52
370409,40.88,40.82,370071,370071,0.01,39.91,39.89,1,0,13.12,16.52
370915,40.88,40.82,370071,370071,0.01,39.91,39.89,1,0,13.12,16.52
371421,40.88,40.86,371071,371071,0.04,39.79,39.73,1,0,13.12,16.52
371927,40.92,40.86,371071,371071,0.04,39.79,39.73,1,0,12.66,16.52
372433,40.92,40.9,372071,372071,0.03,39.82,39.77,1,0,12.66,16.54
372939,40.98,40.9,372071,372071,0.03,39.82,39.77,1,0,12.53,16.54
373445,40.98,40.95,373071,373071,0.05,39.74,39.66,1,0,12.53,16.58
373951,40.98,40.95,373071,373071,0.05,39.74,39.66,1,0,12.53,16.58
374457,40.98,40.97,374071,374071,0.01,39.91,39.88,1,0,12.53,16.58
374963,40.98,40.97,374071,374071,0.01,39.91,39.88,1,0,12.53,16.58
375469,40.96,40.97,375071,375071,0.0,39.97,39.96,1,0,12.42,16.58
375975,40.96,40.97,375071,375071,0.0,39.97,39.96,1,0,12.42,16.58
376481,40.98,40.97,376071,376071,0.0,40.03,40.04,1,0,12.48,16.59
376987,40.98,40.97,376071,376071,0.0,40.03,40.04,1,0,12.48,16.59
377493,40.98,40.97,377071,377071,0.0,39.96,39.96,1,0,12.48,16.58
377999,40.98,40.97,377071,377071,0.0,39.96,39.96,1,0,12.48,16.58
378505,40.98,40.98,378071,378071,0.0,39.98,39.98,1,0,11.97,16.58
379011,40.98,40.98,378071,378071,0.0,39.98,39.98,1,0,11.97,16.58
379517,40.98,40.98,379071,379071,0.0,39.99,39.99,1,0,11.97,16.58
380023,40.95,40.98,379071,379071,0.0,39.99,39.99,1,0,12.24,16.58
380529,40.95,40.96,380071,380071,0.0,40.09,40.11,1,0,12.24,16.58
381035,40.96,40.96,380071,380071,0.0,40.09,40.11,1,0,12.17,16.58
381542,40.96,40.96,381071,381071,0.0,39.97,39.97,1,0,12.17,16.6
382048,40.96,40.96,381071,381071,0.0,39.97,39.97,1,0,12.17,16.6
382554,40.95,40.96,382071,382071,0.0,39.99,39.99,1,0,12.22,16.6
383060,40.95,40.96,382071,382071,0.0,39.99,39.99,1,0,12.22,16.6
383566,40.95,40.95,383071,383071,0.0,40.04,40.06,1,0,12.22,16.58
384072,40.94,40.94,384071,384071,0.0,40.05,40.07,1,1,11.36,16.6
384578,40.94,40.94,384071,384071,0.0,40.05,40.07,1,1,11.36,16.6
385084,40.94,40.94,385071,385071,0.0,40.01,40.02,1,1,11.36,16.6
385590,40.95,40.94,385071,385071,0.0,40.01,40.02,1,1,12.5,16.6
386096,40.95,40.95,386071,386071,0.0,39.96,39.95,1,1,12.5,16.57
386602,40.95,40.95,386071,386071,0.0,39.96,39.95,1,1,12.5,16.57
387108,40.9,40.92,387071,387071,0.0,40.14,40.18,1,1,13.27,16.54
387614,40.9,40.92,387071,387071,0.0,40.14,40.18,1,1,13.27,16.54
388120,40.9,40.91,388071,388071,0.0,40.04,40.06,1,1,13.27,16.54
388626,40.9,40.91,388071,388071,0.0,40.04,40.06,1,1,13.27,16.54
389132,40.04,40.33,389071,389071,0.0,42.9,43.78,0,0,14.3,16.2
389638,40.04,40.33,389071,389071,0.0,42.9,43.78,0,0,14.3,16.2
390144,40.04,40.13,390071,390071,0.0,40.95,41.24,0,0,14.3,16.2
390650,39.6,40.13,390071,390071,0.0,40.95,41.24,0,0,14.23,16.2
391156,39.6,39.78,391071,391071,0.0,41.78,42.32,0,0,14.23,16.01
391662,39.31,39.78,391071,391071,0.0,41.78,42.32,0,0,13.99,16.01
392168,39.31,39.46,392071,392071,0.0,41.57,42.05,0,0,13.99,15.86
392674,39.17,39.46,392071,392071,0.0,41.57,42.05,0,0,13.71,15.86
393181,39.17,39.27,393071,393071,0.0,40.96,41.25,0,0,13.71,15.8
393688,39.07,39.27,393071,393071,0.0,40.96,41.25,0,0,13.47,15.8
394194,39.07,39.14,394071,394071,0.0,40.65,40.85,0,0,13.47,15.77
394700,39.07,39.14,394071,394071,0.0,40.65,40.85,0,0,13.47,15.77
395206,39.04,39.07,395071,395071,0.0,40.33,40.43,0,0,13.49,15.72
395712,39.04,39.07,395071,395071,0.0,40.33,40.43,0,0,13.49,15.72
396218,39.01,39.03,396071,396071,0.0,40.19,40.24,0,0,13.49,15.73
396724,39.01,39.03,396071,396071,0.0,40.19,40.24,0,0,13.49,15.73
397230,39.01,39.02,397071,397071,0.0,40.06,40.08,0,0,13.49,15.73
397736,39.01,39.02,397071,397071,0.0,40.06,40.08,0,0,13.49,15.73
398242,39.05,39.04,398071,398071,0.02,39.88,39.84,0,0,13.56,15.74
398748,39.05,39.04,398071,398071,0.02,39.88,39.84,0,0,13.56,15.74
399257,39.1,39.05,399071,399071,0.0,39.96,39.94,0,0,13.42,15.74
399764,39.1,39.05,399071,399071,0.0,39.96,39.94,0,0,13.42,15.74
400270,39.1,39.08,400071,400071,0.03,39.84,39.79,0,0,13.42,15.76
400776,39.1,39.08,400071,400071,0.03,39.84,39.79,0,0,13.42,15.76
401282,39.1,39.09,401071,401071,0.01,39.94,39.93,0,0,13.77,15.76
401788,39.1,39.09,401071,401071,0.01,39.94,39.93,0,0,13.77,15.76
402295,39.1,39.1,402071,402071,0.0,39.97,39.96,0,0,13.95,15.77
402802,39.1,39.1,402071,402071,0.0,39.97,39.96,0,0,13.95,15.77
403308,39.1,39.1,403071,403071,0.0,40.0,40.0,0,0,13.95,15.76
403814,39.13,39.1,403071,403071,0.0,40.0,40.0,0,0,13.93,15.76
404320,39.13,39.12,404071,404071,0.02,39.89,39.86,0,0,13.93,15.78
404826,39.2,39.12,404071,404071,0.02,39.89,39.86,0,0,14.12,15.78
405332,39.2,39.17,405071,405071,0.05,39.71,39.63,0,0,14.12,15.82
405838,39.2,39.17,405071,405071,0.05,39.71,39.63,0,0,14.12,15.82
406344,39.23,39.19,406071,406071,0.01,39.9,39.87,0,0,14.12,15.82
406850,39.23,39.19,406071,406071,0.01,39.9,39.87,0,0,14.12,15.82
407356,39.32,39.22,407071,407071,0.02,39.86,39.82,0,0,14.62,15.82
407862,39.32,39.22,407071,407071,0.02,39.86,39.82,0,0,14.62,15.82
408368,39.39,39.28,408071,408071,0.06,39.67,39.57,0,0,14.73,15.86
408875,39.39,39.28,408071,408071,0.06,39.67,39.57,0,0,14.73,15.86
409381,39.39,39.36,409071,409071,0.07,39.63,39.52,0,0,14.73,15.9
409887,39.42,39.36,409071,409071,0.07,39.63,39.52,0,0,15.01,15.9
410393,39.42,39.4,410071,410071,0.04,39.78,39.71,0,0,15.01,15.91
410899,39.42,39.4,410071,410071,0.04,39.78,39.71,0,0,15.01,15.91
411405,39.49,39.41,411071,411071,0.01,39.92,39.9,0,0,15.1,15.91
411911,39.49,39.41,411071,411071,0.01,39.92,39.9,0,0,15.1,15.91
412417,39.49,39.47,412071,412071,0.05,39.73,39.65,0,0,15.1,15.94
412923,39.49,39.47,412071,412071,0.05,39.73,39.65,0,0,15.1,15.94
413429,39.54,39.49,413071,413071,0.01,39.91,39.88,0,0,15.12,15.94
413935,39.54,39.49,413071,413071,0.01,39.91,39.88,0,0,15.12,15.94
414449,39.67,39.52,414071,414071,0.03,39.82,39.76,0,0,15.66,15.96
414956,39.67,39.52,414071,414071,0.03,39.82,39.76,0,0,15.66,15.96
415462,39.67,39.62,415071,415071,0.1,39.49,39.34,1,0,15.66,16.02
415968,39.65,39.62,415071,415071,0.1,39.49,39.34,1,0,15.66,16.02
416474,39.65,39.64,416071,416071,0.02,39.89,39.85,1,0,15.66,16.0
416980,39.65,39.64,416071,416071,0.02,39.89,39.85,1,0,15.66,16.0
417486,39.65,39.65,417071,417071,0.0,39.96,39.95,1,0,15.66,16.0
417992,39.72,39.65,417071,417071,0.0,39.96,39.95,1,0,16.66,16.0
418498,39.72,39.7,418071,418071,0.04,39.77,39.71,1,0,16.66,16.05
419004,39.72,39.7,418071,418071,0.04,39.77,39.71,1,0,16.27,16.05
419510,39.72,39.71,419071,419071,0.01,39.92,39.9,1,0,16.27,16.05
420016,39.72,39.71,419071,419071,0.01,39.92,39.9,1,0,16.27,16.05
420522,39.76,39.71,420071,420071,0.0,39.97,39.96,1,0,16.07,16.05
421028,39.76,39.71,420071,420071,0.0,39.97,39.96,1,0,16.07,16.05
421534,39.76,39.75,421071,421071,0.03,39.83,39.79,1,0,16.07,16.08
422040,39.82,39.75,421071,421071,0.03,39.83,39.79,1,0,16.29,16.08
422546,39.82,39.8,422071,422071,0.04,39.75,39.68,1,0,16.29,16.1
423052,39.82,39.8,422071,422071,0.04,39.75,39.68,1,0,16.29,16.1
423558,39.89,39.81,423071,423071,0.01,39.92,39.89,0,0,16.27,16.1
424064,39.89,39.81,423071,423071,0.01,39.92,39.89,0,0,16.27,16.1
424570,39.92,39.86,424071,424071,0.05,39.73,39.65,0,0,16.33,16.12
425076,39.92,39.9,425071,425071,0.03,39.81,39.75,0,0,16.33,16.14
425582,39.92,39.9,425071,425071,0.03,39.81,39.75,0,0,16.33,16.14
426088,40.0,39.97,426071,426071,0.06,39.68,39.58,0,0,16.18,16.19
426594,40.0,39.97,426071,426071,0.06,39.68,39.58,0,0,16.18,16.19
427100,40.0,39.99,427071,427071,0.02,39.89,39.86,0,0,15.88,16.17
427606,40.0,39.99,427071,427071,0.02,39.89,39.86,0,0,15.88,16.17
428112,40.0,39.99,428071,428071,0.0,39.96,39.95,1,0,15.88,16.17
428618,40.07,39.99,428071,428071,0.0,39.96,39.95,1,0,16.2,16.17
429124,40.07,40.05,429071,429071,0.05,39.73,39.65,1,0,16.2,16.23
429630,40.07,40.05,429071,429071,0.05,39.73,39.65,1,0,16.2,16.23
430136,40.16,40.12,430071,430071,0.07,39.62,39.5,1,0,16.1,16.26
430642,40.16,40.12,430071,430071,0.07,39.62,39.5,1,0,16.1,16.26
431148,40.16,40.15,431071,431071,0.02,39.87,39.83,1,0,16.1,16.26
431654,40.2,40.15,431071,431071,0.02,39.87,39.83,1,0,16.14,16.26
432160,40.2,40.18,432071,432071,0.03,39.81,39.75,1,0,16.14,16.27
432666,40.2,40.18,432071,432071,0.03,39.81,39.75,1,0,16.14,16.27
433172,40.26,40.24,433071,433071,0.05,39.73,39.65,1,0,16.22,16.32
433678,40.26,40.24,433071,433071,0.05,39.73,39.65,1,0,16.22,16.32
434184,40.26,40.25,434071,434071,0.01,39.91,39.88,1,0,16.22,16.32
434690,40.34,40.25,434071,434071,0.01,39.91,39.88,1,0,16.22,16.32
435196,40.34,40.31,435071,435071,0.05,39.72,39.64,1,0,16.22,16.33
435702,40.34,40.31,435071,435071,0.05,39.72,39.64,1,0,16.22,16.33
436208,40.37,40.35,436071,436071,0.03,39.8,39.74,1,0,16.57,16.37
436714,40.37,40.35,436071,436071,0.03,39.8,39.74,1,0,16.57,16.37
437220,40.44,40.36,437071,437071,0.01,39.93,39.91,1,0,16.12,16.37
437726,40.44,40.36,437071,437071,0.01,39.93,39.91,1,0,16.12,16.37
438232,40.44,40.41,438072,438072,0.05,39.73,39.65,1,0,16.12,16.4
438738,40.44,40.41,438072,438072,0.05,39.73,39.65,1,0,16.12,16.4
439244,40.51,40.48,439072,439072,0.06,39.68,39.58,1,0,16.01,16.4
439750,40.51,40.48,439072,439072,0.06,39.68,39.58,1,0,16.01,16.4
440256,40.59,40.55,440072,440072,0.07,39.63,39.52,1,0,15.92,16.45
440762,40.59,40.55,440072,440072,0.07,39.63,39.52,1,0,15.92,16.45
441268,40.59,40.58,441072,441072,0.02,39.87,39.84,1,0,15.92,16.45
441774,40.66,40.58,441072,441072,0.02,39.87,39.84,1,0,15.79,16.45
442280,40.66,40.63,442072,442072,0.05,39.72,39.64,1,0,15.79,16.48
442786,40.66,40.63,442072,442072,0.05,39.72,39.64,1,0,15.79,16.48
443292,40.7,40.68,443072,443072,0.04,39.75,39.68,1,0,15.75,16.5
443798,40.7,40.68,443072,443072,0.04,39.75,39.68,1,0,15.75,16.5
444304,40.77,40.74,444072,444072,0.06,39.67,39.58,1,0,15.55,16.53
444810,40.77,40.74,444072,444072,0.06,39.67,39.58,1,0,15.55,16.53
445316,40.77,40.76,445072,445072,0.02,39.89,39.86,1,0,15.55,16.53
445822,40.8,40.76,445072,445072,0.02,39.89,39.86,1,0,15.6,16.53
446328,40.8,40.79,446072,446072,0.02,39.86,39.82,1,0,15.6,16.54
446834,40.8,40.79,446072,446072,0.02,39.86,39.82,1,0,15.6,16.54
447340,40.8,40.8,447072,447072,0.0,39.95,39.94,1,0,15.6,16.54
447846,40.87,40.8,447072,447072,0.0,39.95,39.94,1,0,15.47,16.54
448352,40.87,40.84,448072,448072,0.04,39.77,39.7,1,0,15.47,16.59
448859,40.86,40.84,448072,448072,0.04,39.77,39.7,1,0,15.27,16.59
449366,40.86,40.86,449073,449073,0.01,39.93,39.91,1,0,15.27,16.57
449872,40.86,40.86,449073,449073,0.01,39.93,39.91,1,0,15.27,16.57
450378,41.01,40.86,450073,450073,0.0,39.97,39.97,1,0,15.16,16.57
450884,41.01,40.86,450073,450073,0.0,39.97,39.97,1,0,15.16,16.57
451390,41.01,40.96,451073,451073,0.09,39.5,39.35,1,0,15.16,16.63
451896,41.02,40.96,451073,451073,0.09,39.5,39.35,1,0,15.03,16.63
452402,41.02,41.0,452073,452073,0.04,39.78,39.72,1,0,15.03,16.63
452908,41.02,41.0,452073,452073,0.04,39.78,39.72,1,0,15.03,16.63
453414,41.1,41.07,453079,453079,0.06,39.67,39.58,1,0,15.08,16.68
453920,41.1,41.07,453079,453079,0.06,39.67,39.58,1,0,15.08,16.68
454426,41.1,41.09,454080,454080,0.02,39.89,39.86,1,0,15.08,16.68
454932,41.16,41.09,454080,454080,0.02,39.89,39.86,1,0,14.97,16.68
455438,41.16,41.14,455080,455080,0.04,39.76,39.69,1,0,14.97,16.7
455944,41.16,41.14,455080,455080,0.04,39.76,39.69,1,0,14.97,16.7
456450,41.22,41.15,456080,456080,0.01,39.92,39.89,1,0,14.69,16.7
456956,41.22,41.15,456080,456080,0.01,39.92,39.89,1,0,14.69,16.7
457462,41.22,41.19,457080,457080,0.04,39.78,39.72,1,0,14.69,16.72
457968,41.29,41.19,457080,457080,0.04,39.78,39.72,1,0,14.51,16.72
458474,41.29,41.26,458080,458080,0.06,39.68,39.58,1,0,14.51,16.75
458980,41.29,41.26,458080,458080,0.06,39.68,39.58,1,0,14.54,16.75
459486,41.29,41.28,459080,459080,0.02,39.88,39.84,1,0,14.54,16.78
459992,41.29,41.28,459080,459080,0.02,39.88,39.84,1,0,14.54,16.78
460498,41.33,41.29,460080,460080,0.0,39.96,39.94,1,0,14.49,16.78
461004,41.33,41.29,460080,460080,0.0,39.96,39.94,1,0,14.49,16.78
461510,41.38,41.32,461080,461080,0.03,39.84,39.8,1,0,14.32,16.78
462017,41.38,41.32,461080,461080,0.03,39.84,39.8,1,0,14.32,16.78
462523,41.38,41.36,462080,462080,0.03,39.81,39.75,1,0,14.32,16.79
463029,41.38,41.36,462080,462080,0.03,39.81,39.75,1,0,14.32,16.79
463535,41.45,41.37,463080,463080,0.01,39.93,39.91,1,0,14.17,16.79
464041,41.45,41.37,463080,463080,0.01,39.93,39.91,1,0,14.17,16.79
464547,41.47,41.42,464080,464080,0.05,39.73,39.65,1,0,14.12,16.81
465053,41.47,41.42,464080,464080,0.05,39.73,39.65,1,0,14.12,16.81
465559,41.45,41.45,465080,465080,0.02,39.85,39.81,1,0,14.06,16.83
466065,41.45,41.45,465080,465080,0.02,39.85,39.81,1,0,14.06,16.83
466571,41.45,41.45,466080,466080,0.0,39.99,39.99,1,0,14.06,16.82
467077,41.49,41.45,466080,466080,0.0,39.99,39.99,1,0,14.03,16.82
467583,41.49,41.48,467083,467083,0.02,39.85,39.81,1,0,14.03,16.85
468090,41.49,41.49,468089,468089,0.0,39.95,39.94,1,0,13.97,16.84
468596,41.49,41.49,468089,468089,0.0,39.95,39.94,1,0,13.97,16.84
469102,41.49,41.49,469090,469090,0.0,39.98,39.98,1,0,13.97,16.84
469608,41.55,41.49,469090,469090,0.0,39.98,39.98,1,0,13.8,16.84
470114,41.55,41.53,470090,470090,0.04,39.79,39.72,1,0,13.8,16.87
470620,41.55,41.53,470090,470090,0.04,39.79,39.72,1,0,13.8,16.87
471127,41.48,41.55,471090,471090,0.01,39.93,39.91,1,0,13.64,16.87
471634,41.48,41.55,471090,471090,0.01,39.93,39.91,1,0,13.64,16.87
472140,41.48,41.5,472090,472090,0.0,40.22,40.28,1,0,13.64,16.85
472646,41.47,41.5,472090,472090,0.0,40.22,40.28,1,0,13.1,16.85
473152,41.47,41.48,473090,473090,0.0,40.11,40.15,1,0,13.1,16.84
473658,41.58,41.48,473090,473090,0.0,40.11,40.15,1,0,13.53,16.84
474164,41.58,41.55,474090,474090,0.06,39.65,39.55,1,0,13.53,16.87
474670,41.58,41.55,474090,474090,0.06,39.65,39.55,1,0,13.53,16.87
475176,41.58,41.57,475090,475090,0.02,39.88,39.85,1,0,13.53,16.87
475682,41.57,41.57,475090,475090,0.02,39.88,39.85,1,0,13.51,16.87
476188,41.57,41.57,476090,476090,0.0,40.0,40.01,1,0,13.51,16.88
476694,41.57,41.57,476090,476090,0.0,40.0,40.01,1,0,13.51,16.88
477200,41.58,41.58,477090,477090,0.01,39.94,39.93,1,0,13.21,16.89
477706,41.58,41.58,477090,477090,0.01,39.94,39.93,1,0,13.21,16.89
478212,41.58,41.58,478090,478090,0.0,39.98,39.97,1,0,13.21,16.89
478718,41.58,41.58,478090,478090,0.0,39.98,39.97,1,0,13.21,16.89
479224,41.58,41.58,479090,479090,0.0,39.99,39.99,1,0,13.21,16.89
479730,41.54,41.58,479090,479090,0.0,39.99,39.99,1,0,13.07,16.89
480236,41.54,41.56,480090,480090,0.0,40.13,40.17,1,0,13.07,16.9
480742,41.57,41.56,480090,480090,0.0,40.13,40.17,1,0,13.07,16.9
481249,41.57,41.57,481090,481090,0.0,39.95,39.93,1,0,13.07,16.89
481755,41.57,41.57,481090,481090,0.0,39.95,39.93,1,0,13.07,16.89
482261,41.57,41.57,482090,482090,0.0,39.98,39.97,1,0,12.81,16.89
482767,41.57,41.57,482090,482090,0.0,39.98,39.97,1,0,12.81,16.89
483273,41.54,41.57,483090,483090,0.0,39.99,39.99,1,0,13.51,16.89
483779,41.54,41.57,483090,483090,0.0,39.99,39.99,1,0,13.51,16.89
484285,41.54,41.55,484090,484090,0.0,40.09,40.11,1,0,13.51,16.88
484791,41.56,41.55,484090,484090,0.0,40.09,40.11,1,0,12.88,16.88
485297,41.56,41.56,485090,485090,0.0,39.97,39.97,1,0,12.88,16.9
485803,41.53,41.56,485090,485090,0.0,39.97,39.97,1,0,12.88,16.9
486309,41.53,41.54,486090,486090,0.0,40.09,40.11,1,0,12.88,16.89
486815,41.53,41.54,486090,486090,0.0,40.09,40.11,1,0,12.88,16.89
487321,41.53,41.53,487090,487090,0.0,40.02,40.03,1,0,12.88,16.89
487827,41.56,41.53,487090,487090,0.0,40.02,40.03,1,0,13.31,16.89
488333,41.56,41.55,488090,488090,0.01,39.91,39.88,1,0,13.31,16.92
488839,41.56,41.55,488090,488090,0.01,39.91,39.88,1,0,13.31,16.92
489345,41.53,41.56,489090,489090,0.0,39.97,39.96,1,0,12.77,16.92
489851,41.53,41.56,489090,489090,0.0,39.97,39.96,1,0,12.77,16.92
490357,41.52,41.54,490090,490090,0.0,40.08,40.11,1,0,12.66,16.89
490863,41.52,41.54,490090,490090,0.0,40.08,40.11,1,0,12.66,16.89
491369,41.52,41.53,491090,491090,0.0,40.05,40.07,1,0,12.66,16.93
491875,41.5,41.53,491090,491090,0.0,40.05,40.07,1,0,12.79,16.93
492381,41.5,41.51,492090,492090,0.0,40.09,40.12,1,0,12.79,16.88
492887,41.5,41.51,492090,492090,0.0,40.09,40.12,1,0,12.79,16.88
493393,41.45,41.47,493090,493090,0.0,40.18,40.23,1,0,12.5,16.85
493899,41.45,41.47,493090,493090,0.0,40.18,40.23,1,0,12.5,16.85
494405,41.46,41.46,494090,494090,0.0,40.05,40.07,1,0,12.35,16.85
494911,41.46,41.46,494090,494090,0.0,40.05,40.07,1,0,12.35,16.85
495417,41.46,41.46,495090,495090,0.0,40.0,40.01,1,0,12.35,16.87
495923,41.44,41.46,495090,495090,0.0,40.0,40.01,1,0,12.35,16.87
496429,41.44,41.45,496090,496090,0.0,40.05,40.07,1,0,12.35,16.84
496935,41.38,41.45,496090,496090,0.0,40.05,40.07,1,0,12.33,16.84
497441,41.38,41.4,497090,497090,0.0,40.2,40.27,1,0,12.33,16.85
497947,41.4,41.4,497090,497090,0.0,40.2,40.27,1,0,12.28,16.85
498453,41.4,41.4,498090,498090,0.0,40.01,40.02,1,0,12.28,16.84
498959,41.4,41.4,498090,498090,0.0,40.01,40.02,1,0,12.28,16.84
499465,41.37,41.4,499090,499090,0.0,40.0,40.0,1,0,12.15,16.84
499971,41.37,41.4,499090,499090,0.0,40.0,40.0,1,0,12.15,16.84
500477,41.37,41.38,500090,500090,0.0,40.09,40.12,1,0,12.15,16.86
500983,41.36,41.38,500090,500090,0.0,40.09,40.12,1,0,11.64,16.86
501489,41.36,41.36,501090,501090,0.0,40.07,40.1,1,1,11.64,16.84
501995,41.28,41.36,501090,501090,0.0,40.07,40.1,1,1,12.11,16.84
502501,41.28,41.31,502090,502090,0.0,40.27,40.35,1,1,12.11,16.8
503007,41.28,41.31,502090,502090,0.0,40.27,40.35,1,1,12.11,16.8
503513,41.33,41.29,503090,503090,0.0,40.08,40.11,1,1,13.1,16.8
504019,41.33,41.29,503090,503090,0.0,40.08,40.11,1,1,13.1,16.8
504525,41.09,41.31,504090,504090,0.02,39.88,39.85,1,1,13.56,16.83
505031,41.09,41.31,504090,504090,0.02,39.88,39.85,1,1,13.56,16.83
505537,40.65,41.16,505090,505090,0.0,40.74,40.97,1,1,14.03,16.73
506043,40.65,41.16,505090,505090,0.0,40.74,40.97,1,1,14.03,16.73
506549,40.65,40.82,506090,506090,0.0,41.72,42.24,0,0,14.03,16.52
507055,40.65,40.82,506090,506090,0.0,41.72,42.24,0,0,14.03,16.52
507561,39.99,40.7,507090,507090,0.0,40.57,40.74,0,0,14.19,16.52
508067,39.99,40.7,507090,507090,0.0,40.57,40.74,0,0,14.19,16.52
508573,39.99,40.22,508090,508090,0.0,42.39,43.11,0,0,14.19,16.23
509079,39.99,40.22,508090,508090,0.0,42.39,43.11,0,0,14.19,16.23
509585,39.99,40.07,509090,509090,0.0,40.79,41.02,0,0,14.19,16.23
510091,39.44,39.65,510090,510090,0.0,42.09,42.71,0,0,13.36,15.98
510597,39.44,39.65,510090,510090,0.0,42.09,42.71,0,0,13.36,15.98
511103,39.29,39.41,511090,511090,0.0,41.19,41.54,0,0,13.47,15.88
511609,39.29,39.41,511090,511090,0.0,41.19,41.54,0,0,13.47,15.88
512115,39.29,39.33,512090,512090,0.0,40.39,40.51,0,0,13.47,15.88
512621,39.29,39.33,512090,512090,0.0,40.39,40.51,0,0,13.47,15.88
513127,39.29,39.31,513092,513092,0.0,40.12,40.16,0,0,13.47,15.88
513633,39.22,39.31,513092,513092,0.0,40.12,40.16,0,0,13.36,15.88
514139,39.22,39.25,514092,514092,0.0,40.27,40.35,0,0,13.36,15.89
514645,39.22,39.25,514092,514092,0.0,40.27,40.35,0,0,13.36,15.89
515151,39.22,39.23,515092,515092,0.0,40.09,40.11,0,0,13.36,15.89
515657,39.22,39.23,515092,515092,0.0,40.09,40.11,0,0,13.36,15.89
516163,39.22,39.23,516092,516092,0.0,40.02,40.03,0,0,13.36,15.89
516669,39.22,39.23,516092,516092,0.0,40.02,40.03,0,0,13.36,15.89
517175,39.35,39.31,517107,517107,0.08,39.58,39.46,0,0,13.58,15.92
517681,39.35,39.31,517107,517107,0.08,39.58,39.46,0,0,13.58,15.92
518187,39.35,39.34,518108,518108,0.02,39.86,39.82,0,0,13.58,15.92
518693,39.35,39.34,518108,518108,0.02,39.86,39.82,0,0,13.58,15.92
519199,39.38,39.37,519108,519108,0.03,39.84,39.8,0,0,13.99,15.96
519705,39.38,39.37,519108,519108,0.03,39.84,39.8,0,0,13.99,15.96
520211,39.34,39.35,520108,520108,0.0,40.1,40.13,0,0,14.14,15.93
520717,39.34,39.35,520108,520108,0.0,40.1,40.13,0,0,14.14,15.93
521223,39.34,39.34,521108,521108,0.0,40.03,40.04,0,0,14.14,15.93
521729,39.42,39.34,521108,521108,0.0,40.03,40.04,0,0,13.9,15.93
522235,39.42,39.39,522108,522108,0.04,39.75,39.68,0,0,13.9,15.97
522741,39.42,39.39,522108,522108,0.04,39.75,39.68,0,0,13.9,15.97
523247,39.42,39.41,523108,523108,0.01,39.91,39.89,0,0,13.9,15.97
523753,39.46,39.41,523108,523108,0.01,39.91,39.89,0,0,14.71,15.97
524259,39.46,39.44,524108,524108,0.03,39.83,39.77,0,0,14.71,15.99
524765,39.46,39.44,524108,524108,0.03,39.83,39.77,0,0,14.71,15.99
525271,39.58,39.53,525108,525108,0.08,39.55,39.41,0,0,14.82,16.03
525777,39.58,39.53,525108,525108,0.08,39.55,39.41,0,0,14.82,16.03
526283,39.58,39.56,526108,526108,0.02,39.85,39.8,0,0,14.82,16.03
526789,39.58,39.56,526108,526108,0.02,39.85,39.8,0,0,14.82,16.03
527295,39.63,39.57,527108,527108,0.0,39.95,39.93,0,0,14.34,16.03
527801,39.63,39.57,527108,527108,0.0,39.95,39.93,0,0,14.34,16.03
528307,39.65,39.61,528108,528108,0.04,39.78,39.71,0,0,15.03,16.07
528813,39.65,39.61,528108,528108,0.04,39.78,39.71,0,0,15.03,16.07
529319,39.65,39.64,529108,529108,0.02,39.87,39.84,0,0,15.03,16.08
529825,39.65,39.64,529108,529108,0.02,39.87,39.84,0,0,15.29,16.08
530331,39.65,39.65,530108,530108,0.0,39.95,39.94,0,0,15.29,16.09
530837,39.71,39.65,530108,530108,0.0,39.95,39.94,0,0,15.6,16.09
531343,39.71,39.69,531109,531109,0.04,39.79,39.73,0,0,15.6,16.1
531849,39.71,39.69,531109,531109,0.04,39.79,39.73,0,0,15.6,16.1
532355,39.73,39.71,532110,532110,0.02,39.87,39.83,0,0,15.53,16.13
532861,39.73,39.71,532110,532110,0.02,39.87,39.83,0,0,15.53,16.13
533367,39.73,39.72,533110,533110,0.0,39.95,39.94,0,0,15.53,16.13
533873,39.77,39.72,533110,533110,0.0,39.95,39.94,0,0,15.81,16.13
534379,39.77,39.75,534110,534110,0.03,39.84,39.79,0,0,15.81,16.15
534885,39.77,39.75,534110,534110,0.03,39.84,39.79,0,0,15.81,16.15
535391,39.84,39.81,535110,535110,0.05,39.7,39.61,1,0,16.07,16.17
535897,39.84,39.81,535110,535110,0.05,39.7,39.61,1,0,16.07,16.17
536403,39.8,39.8,536113,536113,0.0,40.05,40.07,1,0,16.29,16.16
536909,39.8,39.8,536113,536113,0.0,40.05,40.07,1,0,16.29,16.16
537415,39.8,39.8,537114,537114,0.0,40.01,40.02,1,0,16.29,16.16
537921,39.87,39.8,537114,537114,0.0,40.01,40.02,1,0,16.38,16.16
538427,39.87,39.85,538114,538114,0.04,39.75,39.67,1,0,16.38,16.2
538933,39.85,39.85,538114,538114,0.04,39.75,39.67,1,0,16.48,16.2
539439,39.85,39.85,539114,539114,0.0,40.0,40.01,1,0,16.48,16.19
539945,39.87,39.85,539114,539114,0.0,40.0,40.01,1,0,16.68,16.19
540452,39.87,39.87,540114,540114,0.01,39.9,39.87,1,0,16.68,16.21
540958,39.87,39.87,540114,540114,0.01,39.9,39.87,1,0,16.68,16.21
541464,39.87,39.87,541116,541116,0.0,39.96,39.95,1,0,16.68,16.21
541970,39.95,39.87,541116,541116,0.0,39.96,39.95,1,0,16.53,16.21
542476,39.95,39.92,542116,542116,0.05,39.74,39.67,1,0,16.53,16.24
542982,39.95,39.92,542116,542116,0.05,39.74,39.67,1,0,16.53,16.24
543488,39.96,39.95,543116,543116,0.02,39.85,39.81,1,0,16.51,16.26
543994,39.96,39.95,543116,543116,0.02,39.85,39.81,1,0,16.51,16.26
544500,40.05,39.96,544116,544116,0.0,39.95,39.93,1,0,16.46,16.26
545006,40.05,39.96,544116,544116,0.0,39.95,39.93,1,0,16.46,16.26
545512,40.05,40.02,545116,545116,0.05,39.7,39.61,1,0,16.46,16.28
546018,40.03,40.02,545116,545116,0.05,39.7,39.61,1,0,16.46,16.28
546524,40.03,40.03,546116,546116,0.0,39.95,39.93,1,0,16.46,16.26
547030,40.03,40.03,546116,546116,0.0,39.95,39.93,1,0,16.46,16.26
547536,40.11,40.08,547116,547116,0.05,39.73,39.65,1,0,16.4,16.31
548042,40.11,40.08,547116,547116,0.05,39.73,39.65,1,0,16.4,16.31
548548,40.17,40.1,548116,548116,0.01,39.91,39.88,1,0,16.55,16.31
549054,40.17,40.1,548116,548116,0.01,39.91,39.88,1,0,16.55,16.31
549560,40.23,40.14,549116,549116,0.04,39.77,39.7,1,0,16.14,16.33
550067,40.23,40.14,549116,549116,0.04,39.77,39.7,1,0,16.14,16.33
550573,40.23,40.2,550116,550116,0.05,39.72,39.63,1,0,16.14,16.36
551079,40.23,40.2,550116,550116,0.05,39.72,39.63,1,0,16.14,16.36
551585,40.25,40.22,551117,551117,0.01,39.9,39.88,1,0,16.03,16.36
552091,40.25,40.22,551117,551117,0.01,39.9,39.88,1,0,16.03,16.36
552597,40.25,40.24,552117,552117,0.02,39.87,39.84,1,0,16.03,16.36
553103,40.25,40.24,552117,552117,0.02,39.87,39.84,1,0,16.03,16.36
553609,40.36,40.25,553117,553117,0.0,39.95,39.94,1,0,15.75,16.36
554115,40.36,40.25,553117,553117,0.0,39.95,39.94,1,0,15.75,16.36
554621,40.36,40.32,554121,554121,0.07,39.63,39.52,1,0,15.75,16.43
555127,40.41,40.38,555121,555121,0.05,39.7,39.61,1,0,15.77,16.42
555633,40.41,40.38,555121,555121,0.05,39.7,39.61,1,0,15.77,16.42
556139,40.41,40.4,556121,556121,0.01,39.9,39.87,1,0,15.77,16.42
556645,40.41,40.4,556121,556121,0.01,39.9,39.87,1,0,15.77,16.42
557151,40.52,40.48,557121,557121,0.07,39.6,39.49,1,0,15.6,16.51
557657,40.52,40.48,557121,557121,0.07,39.6,39.49,1,0,15.6,16.51
558163,40.52,40.51,558121,558121,0.02,39.87,39.83,1,0,15.45,16.51
558669,40.52,40.51,558121,558121,0.02,39.87,39.83,1,0,15.45,16.51
559175,40.61,40.57,559121,559121,0.06,39.66,39.56,1,0,15.34,16.52
559681,40.61,40.57,559121,559121,0.06,39.66,39.56,1,0,15.34,16.52
560187,40.61,40.6,560124,560124,0.02,39.89,39.85,1,0,15.34,16.52
560693,40.62,40.6,560124,560124,0.02,39.89,39.85,1,0,15.21,16.52
561199,40.62,40.61,561124,561124,0.01,39.91,39.89,1,0,15.21,16.53
561705,40.7,40.61,561124,561124,0.01,39.91,39.89,1,0,15.32,16.53
562211,40.7,40.67,562124,562124,0.05,39.71,39.62,1,0,15.32,16.59
562717,40.77,40.67,562124,562124,0.05,39.71,39.62,1,0,14.99,16.59
563223,40.77,40.74,563124,563124,0.06,39.66,39.56,1,0,14.99,16.61
563729,40.77,40.74,563124,563124,0.06,39.66,39.56,1,0,14.99,16.61
564235,40.77,40.76,564124,564124,0.02,39.88,39.85,1,0,14.99,16.61
564741,40.81,40.76,564124,564124,0.02,39.88,39.85,1,0,14.93,16.61
565247,40.81,40.8,565124,565124,0.03,39.82,39.76,1,0,14.93,16.6
565753,40.81,40.8,565124,565124,0.03,39.82,39.76,1,0,14.93,16.6
566259,40.84,40.83,566124,566124,0.03,39.83,39.78,1,0,14.84,16.66
566765,40.84,40.83,566124,566124,0.03,39.83,39.78,1,0,14.84,16.66
567271,40.84,40.84,567124,567124,0.01,39.94,39.92,1,0,14.84,16.66
567777,40.95,40.84,567124,567124,0.01,39.94,39.92,1,0,14.9,16.66
568283,40.95,40.91,568124,568124,0.07,39.63,39.52,1,0,14.9,16.7
568789,40.95,40.91,568124,568124,0.07,39.63,39.52,1,0,14.9,16.7
569295,40.99,40.94,569124,569124,0.02,39.87,39.84,1,0,14.58,16.7
569801,40.99,40.94,569124,569124,0.02,39.87,39.84,1,0,14.58,16.7
570307,40.99,40.97,570124,570124,0.03,39.81,39.76,1,0,14.58,16.71
570813,40.99,40.97,570124,570124,0.03,39.81,39.76,1,0,14.58,16.71
571319,41.0,40.99,571124,571124,0.02,39.89,39.86,1,0,14.21,16.7
571825,41.0,40.99,571124,571124,0.02,39.89,39.86,1,0,14.21,16.7
572331,41.02,41.01,572124,572124,0.01,39.91,39.89,1,0,14.45,16.72
572837,41.02,41.01,572124,572124,0.01,39.91,39.89,1,0,14.45,16.72
573343,41.02,41.02,573124,573124,0.0,39.97,39.96,1,0,14.3,16.72
573850,41.02,41.02,573124,573124,0.0,39.97,39.96,1,0,14.3,16.72
574357,41.02,41.02,574124,574124,0.0,39.99,39.99,1,0,14.3,16.7
574863,41.05,41.02,574124,574124,0.0,39.99,39.99,1,0,14.34,16.7
575369,41.05,41.04,575124,575124,0.02,39.88,39.85,1,0,14.34,16.73
575875,41.09,41.04,575124,575124,0.02,39.88,39.85,1,0,14.1,16.73
576381,41.09,41.07,576124,576124,0.03,39.82,39.77,1,0,14.1,16.74
576894,41.12,41.07,576124,576124,0.03,39.82,39.77,1,0,14.01,16.74
577401,41.12,41.11,577124,577124,0.03,39.83,39.78,1,0,14.01,16.77
577907,41.12,41.11,577124,577124,0.03,39.83,39.78,1,0,14.01,16.77
578413,41.11,41.11,578124,578124,0.0,39.99,39.99,1,0,13.8,16.76
578919,41.11,41.11,578124,578124,0.0,39.99,39.99,1,0,13.8,16.76
579425,41.11,41.11,579124,579124,0.0,39.99,39.99,1,0,13.8,16.76
579931,41.1,41.11,579124,579124,0.0,39.99,39.99,1,0,13.97,16.76
580437,41.1,41.1,580124,580124,0.0,40.04,40.05,1,0,13.97,16.75
580943,41.17,41.1,580124,580124,0.0,40.04,40.05,1,0,13.88,16.75
581449,41.17,41.15,581124,581124,0.04,39.76,39.69,1,0,13.88,16.79
581955,41.17,41.15,581124,581124,0.04,39.76,39.69,1,0,13.88,16.79
582461,41.14,41.16,582124,582124,0.01,39.92,39.89,1,0,13.71,16.79
582967,41.14,41.16,582124,582124,0.01,39.92,39.89,1,0,13.71,16.79
583473,41.14,41.15,583124,583124,0.0,40.07,40.09,1,0,13.71,16.8
583979,41.14,41.15,583124,583124,0.0,40.07,40.09,1,0,13.71,16.8
584485,41.15,41.15,584124,584124,0.0,39.98,39.98,1,0,13.56,16.77
584991,41.15,41.15,584124,584124,0.0,39.98,39.98,1,0,13.56,16.77
585497,41.14,41.15,585124,585124,0.0,39.99,39.99,1,0,13.53,16.77
586003,41.14,41.15,585124,585124,0.0,39.99,39.99,1,0,13.53,16.77
586509,41.14,41.14,586124,586124,0.0,40.04,40.06,1,0,13.25,16.77
587016,41.14,41.14,586124,586124,0.0,40.04,40.06,1,0,13.25,16.77
587522,41.14,41.14,587124,587124,0.0,40.01,40.02,1,0,13.25,16.77
588028,41.14,41.14,587124,587124,0.0,40.01,40.02,1,0,13.25,16.77
588534,41.16,41.14,588124,588124,0.0,40.0,40.0,1,0,13.18,16.77
589040,41.16,41.14,588124,588124,0.0,40.0,40.0,1,0,13.18,16.77
589546,41.16,41.15,589124,589124,0.01,39.93,39.91,1,0,13.18,16.81
590052,41.16,41.15,589124,589124,0.01,39.93,39.91,1,0,13.18,16.81
590558,41.14,41.14,590126,590126,0.0,40.02,40.03,1,0,13.21,16.81
591064,41.14,41.14,590126,590126,0.0,40.02,40.03,1,0,13.21,16.81
591570,41.14,41.14,591127,591127,0.0,40.0,40.01,1,0,13.21,16.81
592076,41.12,41.14,591127,591127,0.0,40.0,40.01,1,0,13.21,16.81
592582,41.12,41.13,592127,592127,0.0,40.05,40.07,1,0,13.21,16.77
593088,41.11,41.13,592127,592127,0.0,40.05,40.07,1,0,13.05,16.77
593594,41.11,41.12,593127,593127,0.0,40.07,40.09,1,0,13.05,16.77
594100,41.11,41.12,593127,593127,0.0,40.07,40.09,1,0,13.05,16.77
594606,41.14,41.11,594127,594127,0.0,40.02,40.03,1,0,13.03,16.77
595112,41.14,41.11,594127,594127,0.0,40.02,40.03,1,0,13.03,16.77
595618,41.07,41.13,595127,595127,0.01,39.9,39.87,1,0,12.72,16.8
596124,41.07,41.13,595127,595127,0.01,39.9,39.87,1,0,12.72,16.8
596630,41.05,41.09,596130,596130,0.0,40.2,40.26,1,0,12.85,16.78
597136,41.05,41.07,597130,597130,0.0,40.11,40.15,1,0,12.85,16.76
597642,41.05,41.07,597130,597130,0.0,40.11,40.15,1,0,12.85,16.76
598148,41.08,41.08,598130,598130,0.01,39.94,39.92,1,0,12.83,16.77
598654,41.08,41.08,598130,598130,0.01,39.94,39.92,1,0,12.83,16.77
599160,41.07,41.07,599130,599130,0.0,40.02,40.03,1,0,12.68,16.78
599666,41.07,41.07,599130,599130,0.0,40.02,40.03,1,0,12.68,16.78
600172,41.07,41.07,600130,600130,0.0,40.0,40.01,1,0,12.68,16.78
600678,41.0,41.07,600130,600130,0.0,40.0,40.01,1,0,12.79,16.78
601184,41.0,41.02,601130,601130,0.0,40.24,40.32,1,0,12.79,16.75
601690,41.0,41.02,601130,601130,0.0,40.24,40.32,1,0,12.79,16.75
602196,41.01,41.01,602130,602130,0.0,40.04,40.05,1,0,12.57,16.74
602702,41.01,41.01,602130,602130,0.0,40.04,40.05,1,0,12.57,16.74
603208,41.02,41.01,603130,603130,0.0,40.01,40.01,1,0,12.5,16.74
603714,41.02,41.01,603130,603130,0.0,40.01,40.01,1,0,12.5,16.74
604220,41.02,41.02,604130,604130,0.0,39.95,39.93,1,0,12.5,16.76
604726,40.95,41.02,604130,604130,0.0,39.95,39.93,1,0,12.64,16.76
605232,40.95,40.97,605130,605130,0.0,40.22,40.29,1,0,12.64,16.72
605738,40.99,40.97,605130,605130,0.0,40.22,40.29,1,0,12.64,16.72
606245,40.99,40.99,606130,606130,0.01,39.92,39.9,1,0,12.64,16.74
606751,40.99,40.99,606130,606130,0.01,39.92,39.9,1,0,12.64,16.74
607257,40.93,40.95,607130,607130,0.0,40.2,40.26,1,0,12.24,16.72
607763,40.93,40.95,607130,607130,0.0,40.2,40.26,1,0,12.24,16.72
608269,40.94,40.93,608130,608130,0.0,40.06,40.08,1,0,12.04,16.72
608775,40.94,40.93,608130,608130,0.0,40.06,40.08,1,0,12.04,16.72
609281,40.94,40.94,609130,609130,0.0,39.97,39.96,1,0,12.04,16.74
609787,40.87,40.94,609130,609130,0.0,39.97,39.96,1,0,12.2,16.74
610293,40.87,40.89,610130,610130,0.0,40.23,40.3,1,0,12.2,16.71
610799,40.87,40.89,610130,610130,0.0,40.23,40.3,1,0,12.2,16.71
611305,40.88,40.89,611130,611130,0.0,40.01,40.02,1,0,11.95,16.75
611811,40.88,40.89,611130,611130,0.0,40.01,40.02,1,0,11.95,16.75
612317,40.82,40.84,612130,612130,0.0,40.23,40.29,1,0,12.2,16.66
612823,40.82,40.84,612130,612130,0.0,40.23,40.29,1,0,12.2,16.66
613329,40.82,40.83,613130,613130,0.0,40.06,40.07,1,0,12.13,16.68
613835,40.82,40.83,613130,613130,0.0,40.06,40.07,1,0,12.13,16.68
614341,40.82,40.82,614130,614130,0.0,40.02,40.02,1,0,12.13,16.68
614847,40.81,40.82,614130,614130,0.0,40.02,40.02,1,0,12.0,16.68
615353,40.81,40.82,615130,615130,0.0,40.04,40.05,1,0,12.0,16.7
615859,40.78,40.82,615130,615130,0.0,40.04,40.05,1,0,11.86,16.7
616365,40.78,40.79,616130,616130,0.0,40.12,40.15,1,0,11.86,16.69
616871,40.78,40.79,616130,616130,0.0,40.12,40.15,1,0,11.86,16.69
617377,40.78,40.78,617130,617130,0.0,40.04,40.05,1,0,11.86,16.69
617883,40.69,40.78,617130,617130,0.0,40.04,40.05,1,0,11.8,16.69
618389,40.69,40.72,618130,618130,0.0,40.29,40.38,1,0,11.8,16.66
618896,40.71,40.72,618130,618130,0.0,40.29,40.38,1,0,11.8,16.66
619403,40.71,40.71,619130,619130,0.0,40.05,40.07,1,0,11.8,16.64
619909,40.71,40.71,619130,619130,0.0,40.05,40.07,1,0,11.8,16.64
620415,40.66,40.68,620130,620130,0.0,40.16,40.21,1,0,11.89,16.63
620921,40.66,40.68,620130,620130,0.0,40.16,40.21,1,0,11.89,16.63
621427,40.66,40.67,621130,621130,0.0,40.05,40.07,1,0,11.89,16.63
621933,40.62,40.67,621130,621130,0.0,40.05,40.07,1,0,11.67,16.63
622439,40.62,40.63,622130,622130,0.0,40.16,40.2,1,0,11.67,16.62
622945,40.62,40.63,622130,622130,0.0,40.16,40.2,1,0,11.67,16.62
623451,40.6,40.62,623130,623130,0.0,40.05,40.06,1,0,11.71,16.62
623957,40.6,40.62,623130,623130,0.0,40.05,40.06,1,0,11.71,16.62
624463,40.6,40.61,624130,624130,0.0,40.07,40.09,1,0,11.71,16.61
624969,40.55,40.61,624130,624130,0.0,40.07,40.09,1,0,11.64,16.61
625475,40.55,40.57,625130,625130,0.0,40.2,40.27,1,0,11.64,16.62
625981,40.53,40.57,625130,625130,0.0,40.2,40.27,1,0,11.69,16.62
626487,40.53,40.54,626130,626130,0.0,40.11,40.15,1,0,11.69,16.6
626993,40.49,40.54,626130,626130,0.0,40.11,40.15,1,0,11.49,16.6
627499,40.49,40.51,627130,627130,0.0,40.19,40.25,1,1,11.49,16.57
628005,40.49,40.51,627130,627130,0.0,40.19,40.25,1,1,11.49,16.57
628511,40.49,40.49,628130,628130,0.0,40.06,40.08,1,1,11.86,16.57
629017,40.49,40.49,628130,628130,0.0,40.06,40.08,1,1,11.86,16.57
629523,40.54,40.49,629130,629130,0.0,40.01,40.02,1,1,12.55,16.58
630029,40.54,40.49,629130,629130,0.0,40.01,40.02,1,1,12.55,16.58
630535,40.21,40.53,630130,630130,0.03,39.82,39.76,1,1,13.03,16.59
631041,40.21,40.53,630130,630130,0.03,39.82,39.76,1,1,13.03,16.59
631547,40.21,40.31,631130,631130,0.0,41.06,41.38,0,0,13.03,16.46
632053,39.7,40.31,631130,631130,0.0,41.06,41.38,0,0,13.64,16.46
632559,39.7,39.9,632130,632130,0.0,42.03,42.65,0,0,13.64,16.2
633065,39.7,39.9,632130,632130,0.0,42.03,42.65,0,0,13.64,16.2
633571,39.15,39.77,633130,633130,0.0,40.67,40.87,0,0,13.23,16.2
634077,39.15,39.77,633130,633130,0.0,40.67,40.87,0,0,13.23,16.2
634583,39.15,39.36,634130,634130,0.0,42.07,42.69,0,0,13.23,15.98
635089,38.84,39.36,634130,634130,0.0,42.07,42.69,0,0,13.25,15.98
635595,38.84,39.01,635130,635130,0.0,41.71,42.23,0,0,13.25,15.84
636101,38.84,39.01,635130,635130,0.0,41.71,42.23,0,0,13.25,15.84
636607,38.84,38.9,636130,636130,0.0,40.56,40.73,0,0,13.25,15.84
637113,38.75,38.9,636130,636130,0.0,40.56,40.73,0,0,12.85,15.84
637619,38.75,38.8,637130,637130,0.0,40.49,40.64,0,0,12.85,15.79
638125,38.74,38.8,637130,637130,0.0,40.49,40.64,0,0,12.75,15.79
638631,38.74,38.76,638135,638135,0.0,40.2,40.27,0,0,12.75,15.78
639137,38.7,38.72,639135,639135,0.0,40.2,40.26,0,0,12.77,15.78
639643,38.7,38.72,639135,639135,0.0,40.2,40.26,0,0,12.77,15.78
640149,38.68,38.69,640135,640135,0.0,40.12,40.16,0,0,13.05,15.75
640655,38.68,38.69,640135,640135,0.0,40.12,40.16,0,0,13.05,15.75
641161,38.68,38.68,641135,641135,0.0,40.04,40.05,0,0,13.05,15.75
641667,38.68,38.68,641135,641135,0.0,40.04,40.05,0,0,13.05,15.75
642173,38.74,38.72,642135,642135,0.03,39.81,39.76,0,0,12.59,15.78
642679,38.74,38.72,642135,642135,0.03,39.81,39.76,0,0,12.59,15.78
643185,38.75,38.74,643135,643135,0.02,39.89,39.86,0,0,13.25,15.79
643691,38.75,38.74,643135,643135,0.02,39.89,39.86,0,0,13.25,15.79
644197,38.75,38.75,644135,644135,0.0,39.96,39.95,0,0,13.14,15.78
644703,38.75,38.75,644135,644135,0.0,39.96,39.95,0,0,13.14,15.78
645210,38.78,38.77,645135,645135,0.02,39.89,39.86,0,0,13.34,15.77
645716,38.78,38.77,645135,645135,0.02,39.89,39.86,0,0,13.34,15.77
646222,38.78,38.78,646135,646135,0.0,39.96,39.95,0,0,13.34,15.77
646728,38.78,38.78,646135,646135,0.0,39.96,39.95,0,0,13.34,15.77
647234,38.85,38.83,647135,647135,0.05,39.73,39.65,0,0,13.88,15.82
647740,38.85,38.83,647135,647135,0.05,39.73,39.65,0,0,13.88,15.82
648246,38.85,38.85,648135,648135,0.01,39.91,39.88,0,0,13.77,15.83
648752,38.85,38.85,648135,648135,0.01,39.91,39.88,0,0,13.77,15.83
649258,38.85,38.85,649136,649136,0.0,39.97,39.96,0,0,13.77,15.83
649764,38.94,38.85,649136,649136,0.0,39.97,39.96,0,0,13.34,15.83
650270,38.94,38.91,650136,650136,0.06,39.68,39.59,0,0,13.34,15.87
650776,38.96,38.91,650136,650136,0.06,39.68,39.59,0,0,14.34,15.87
651282,38.96,38.94,651136,651136,0.02,39.85,39.8,0,0,14.34,15.87
651788,38.96,38.94,651136,651136,0.02,39.85,39.8,0,0,14.34,15.87
652294,38.96,38.95,652153,652153,0.01,39.94,39.93,0,0,14.45,15.9
652800,38.96,38.95,652153,652153,0.01,39.94,39.93,0,0,14.45,15.9
653306,38.93,38.96,653154,653154,0.0,39.98,39.97,0,0,14.54,15.9
653812,38.93,38.96,653154,653154,0.0,39.98,39.97,0,0,14.54,15.9
654318,38.93,38.94,654154,654154,0.0,40.09,40.11,0,0,14.54,15.86
654824,39.0,38.94,654154,654154,0.0,40.09,40.11,0,0,14.64,15.86
655330,39.0,38.98,655154,655154,0.04,39.79,39.73,0,0,14.64,15.89
655836,38.99,38.98,655154,655154,0.04,39.79,39.73,0,0,14.97,15.89
656342,38.99,38.98,656154,656154,0.0,39.97,39.97,0,0,14.97,15.9
656848,38.99,38.98,656154,656154,0.0,39.97,39.97,0,0,14.97,15.9
657354,39.04,39.02,657154,657154,0.03,39.82,39.77,0,0,14.99,15.94
657860,39.04,39.02,657154,657154,0.03,39.82,39.77,0,0,14.99,15.94
658366,39.04,39.03,658154,658154,0.01,39.94,39.92,0,0,14.99,15.94
658872,39.02,39.03,658154,658154,0.01,39.94,39.92,0,0,15.29,15.94
659378,39.02,39.02,659154,659154,0.0,40.02,40.03,0,0,15.29,15.94
659884,39.02,39.02,659154,659154,0.0,40.02,40.03,0,0,15.29,15.94
660390,39.05,39.04,660154,660154,0.01,39.92,39.9,0,0,16.22,15.93
660896,39.05,39.04,660154,660154,0.01,39.92,39.9,0,0,16.22,15.93
661402,39.05,39.05,661154,661154,0.0,39.96,39.95,0,0,15.97,15.94
661908,39.05,39.05,661154,661154,0.0,39.96,39.95,0,0,15.97,15.94
662414,39.12,39.05,662158,662158,0.0,39.98,39.98,0,0,16.07,15.94
662920,39.12,39.05,662158,662158,0.0,39.98,39.98,0,0,16.07,15.94
663426,39.12,39.1,663158,663158,0.04,39.75,39.67,0,0,16.07,15.98
663932,39.12,39.1,663158,663158,0.04,39.75,39.67,0,0,16.31,15.98
664438,39.12,39.11,664158,664158,0.01,39.91,39.89,0,0,16.31,15.98
664944,39.15,39.11,664158,664158,0.01,39.91,39.89,0,0,16.16,15.98
665450,39.15,39.14,665158,665158,0.02,39.87,39.83,0,0,16.16,15.99
665956,39.15,39.14,665158,665158,0.02,39.87,39.83,0,0,16.16,15.99
666462,39.15,39.15,666158,666158,0.0,39.95,39.94,0,0,16.16,15.99
666968,39.15,39.15,666158,666158,0.0,39.95,39.94,0,0,16.44,15.99
667474,39.15,39.15,667158,667158,0.0,39.98,39.98,0,0,16.44,15.99
667980,39.17,39.15,667158,667158,0.0,39.98,39.98,0,0,16.4,15.99
668486,39.17,39.16,668158,668158,0.01,39.93,39.92,0,0,16.4,16.01
668992,39.17,39.16,668158,668158,0.01,39.93,39.92,0,0,16.4,16.01
669498,39.23,39.17,669158,669158,0.0,39.97,39.97,0,0,16.85,16.01
670004,39.23,39.17,669158,669158,0.0,39.97,39.97,0,0,16.85,16.01
670510,39.24,39.21,670158,670158,0.04,39.79,39.73,0,0,17.13,16.05
671017,39.24,39.21,670158,670158,0.04,39.79,39.73,0,0,17.13,16.05
671523,39.24,39.23,671158,671158,0.02,39.89,39.86,0,0,17.13,16.04
672029,39.24,39.23,671158,671158,0.02,39.89,39.86,0,0,17.24,16.04
672535,39.24,39.24,672158,672158,0.0,39.95,39.93,0,0,17.24,16.07
673041,39.24,39.24,672158,672158,0.0,39.95,39.93,0,0,17.24,16.07
673547,39.24,39.24,673158,673158,0.0,39.98,39.97,0,0,17.24,16.07
674053,39.24,39.24,673158,673158,0.0,39.98,39.97,0,0,17.24,16.07
674559,39.36,39.24,674158,674158,0.0,39.99,39.99,0,0,17.39,16.07
675065,39.36,39.24,674158,674158,0.0,39.99,39.99,0,0,17.39,16.07
675571,39.43,39.32,675158,675158,0.07,39.6,39.48,0,0,17.56,16.11
676077,39.43,39.32,675158,675158,0.07,39.6,39.48,0,0,17.56,16.11
676583,39.43,39.4,676158,676158,0.07,39.62,39.51,0,0,17.56,16.13
677089,39.43,39.4,676158,676158,0.07,39.62,39.51,0,0,17.56,16.13
677595,39.51,39.42,677158,677158,0.02,39.87,39.83,0,0,18.4,16.13
678101,39.51,39.42,677158,677158,0.02,39.87,39.83,0,0,18.4,16.13
678607,39.51,39.48,678158,678158,0.05,39.7,39.62,0,0,17.91,16.18
679113,39.51,39.48,678158,678158,0.05,39.7,39.62,0,0,17.91,16.18
679619,39.55,39.5,679158,679158,0.01,39.9,39.88,0,0,18.01,16.16
680126,39.55,39.5,679158,679158,0.01,39.9,39.88,0,0,18.01,16.16
680632,39.55,39.53,680158,680158,0.03,39.82,39.77,0,0,18.01,16.18
681138,39.63,39.53,680158,680158,0.03,39.82,39.77,0,0,18.27,16.18
681644,39.63,39.59,681158,681158,0.06,39.68,39.59,0,0,18.27,16.22
682150,39.7,39.59,681158,681158,0.06,39.68,39.59,0,0,18.36,16.22
682656,39.7,39.66,682158,682158,0.06,39.66,39.56,1,0,18.36,16.25
683162,39.7,39.68,683158,683158,0.02,39.88,39.85,1,0,18.36,16.25
683668,39.7,39.68,683158,683158,0.02,39.88,39.85,1,0,18.36,16.25
684174,39.76,39.73,684158,684158,0.04,39.76,39.69,1,0,18.64,16.28
684680,39.76,39.73,684158,684158,0.04,39.76,39.69,1,0,18.64,16.28
685186,39.76,39.75,685158,685158,0.01,39.92,39.89,1,0,18.64,16.28
685692,39.8,39.75,685158,685158,0.01,39.92,39.89,1,0,18.75,16.28
686198,39.8,39.78,686158,686158,0.03,39.82,39.77,1,0,18.75,16.29
686704,39.81,39.78,686158,686158,0.03,39.82,39.77,1,0,18.88,16.29
687210,39.81,39.8,687158,687158,0.02,39.89,39.85,1,0,18.88,16.3
687716,39.92,39.8,687158,687158,0.02,39.89,39.85,1,0,18.77,16.3
688222,39.92,39.88,688158,688158,0.07,39.62,39.51,1,0,18.77,16.34
688728,39.92,39.88,688158,688158,0.07,39.62,39.51,1,0,18.77,16.34
689234,40.02,39.97,689158,689158,0.09,39.52,39.38,1,0,18.7,16.37
689740,40.02,39.97,689158,689158,0.09,39.52,39.38,1,0,18.7,16.37
690246,40.06,40.03,690158,690158,0.05,39.7,39.61,1,0,18.68,16.39
690752,40.06,40.03,690158,690158,0.05,39.7,39.61,1,0,18.68,16.39
691258,40.12,40.05,691158,691158,0.01,39.9,39.87,1,0,18.29,16.39
691764,40.12,40.05,691158,691158,0.01,39.9,39.87,1,0,18.29,16.39
692270,40.12,40.1,692158,692158,0.04,39.76,39.69,1,0,18.29,16.41
692776,40.17,40.1,692158,692158,0.04,39.76,39.69,1,0,18.44,16.41
693282,40.17,40.14,693158,693158,0.04,39.77,39.7,1,0,18.44,16.45
693788,40.24,40.14,693158,693158,0.04,39.77,39.7,1,0,18.27,16.45
694294,40.24,40.21,694158,694158,0.06,39.67,39.57,1,0,18.27,16.48
694800,40.24,40.21,694158,694158,0.06,39.67,39.57,1,0,18.27,16.48
695306,40.36,40.31,695158,695158,0.09,39.5,39.36,1,0,18.19,16.52
695812,40.36,40.31,695158,695158,0.09,39.5,39.36,1,0,18.19,16.52
696318,40.36,40.34,696158,696158,0.03,39.83,39.78,1,0,18.19,16.52
696824,40.41,40.34,696158,696158,0.03,39.83,39.78,1,0,18.77,16.52
697330,40.41,40.39,697158,697158,0.04,39.75,39.67,1,0,18.77,16.54
697836,40.48,40.39,697158,697158,0.04,39.75,39.67,1,0,17.99,16.54
698342,40.48,40.45,698158,698158,0.05,39.7,39.61,1,0,17.99,16.59
698848,40.52,40.45,698158,698158,0.05,39.7,39.61,1,0,17.95,16.59
699354,40.52,40.5,699161,699161,0.04,39.75,39.68,1,0,17.95,16.62
699861,40.52,40.5,699161,699161,0.04,39.75,39.68,1,0,17.95,16.62
700367,40.63,40.59,700162,700162,0.09,39.53,39.39,1,0,17.69,16.64
700873,40.63,40.59,700162,700162,0.09,39.53,39.39,1,0,17.69,16.64
701379,40.66,40.64,701162,701162,0.05,39.74,39.66,1,0,17.58,16.66
701885,40.66,40.64,701162,701162,0.05,39.74,39.66,1,0,17.58,16.66
702391,40.66,40.66,702162,702162,0.01,39.91,39.89,1,0,17.58,16.66
702897,40.79,40.66,702162,702162,0.01,39.91,39.89,1,0,17.43,16.66
703403,40.79,40.75,703162,703162,0.09,39.53,39.39,1,0,17.43,16.71
703909,40.79,40.75,703162,703162,0.09,39.53,39.39,1,0,17.43,16.71
704415,40.85,40.82,704162,704162,0.07,39.64,39.54,1,0,17.39,16.72
704921,40.85,40.82,704162,704162,0.07,39.64,39.54,1,0,17.39,16.72
705427,40.9,40.87,705162,705162,0.05,39.73,39.65,1,0,17.24,16.75
705933,40.9,40.87,705162,705162,0.05,39.73,39.65,1,0,17.24,16.75
706439,40.97,40.89,706162,706162,0.01,39.91,39.88,1,0,17.09,16.75
706945,40.97,40.89,706162,706162,0.01,39.91,39.88,1,0,17.09,16.75
707451,41.04,40.94,707162,707162,0.05,39.72,39.64,1,0,16.85,16.78
707957,41.04,40.94,707162,707162,0.05,39.72,39.64,1,0,16.85,16.78
708463,41.04,41.01,708162,708162,0.06,39.67,39.57,1,0,16.85,16.79
708969,41.04,41.01,708162,708162,0.06,39.67,39.57,1,0,16.85,16.79
709475,41.13,41.03,709162,709162,0.02,39.89,39.86,1,0,16.79,16.79
709981,41.13,41.03,709162,709162,0.02,39.89,39.86,1,0,16.79,16.79
710487,41.13,41.1,710162,710162,0.06,39.66,39.56,1,0,16.79,16.84
710993,41.25,41.1,710162,710162,0.06,39.66,39.56,1,0,16.61,16.84
711499,41.25,41.2,711162,711162,0.09,39.5,39.35,1,0,16.61,16.89
712005,41.34,41.2,711162,711162,0.09,39.5,39.35,1,0,16.53,16.89
712512,41.34,41.29,712162,712162,0.09,39.53,39.39,1,0,16.53,16.93
713018,41.34,41.29,712162,712162,0.09,39.53,39.39,1,0,16.53,16.93
713524,41.35,41.32,713162,713162,0.03,39.84,39.79,1,0,16.44,16.93
714030,41.35,41.32,713162,713162,0.03,39.84,39.79,1,0,16.44,16.93
714536,41.35,41.34,714162,714162,0.02,39.89,39.86,1,0,16.44,16.95
715042,41.44,41.34,714162,714162,0.02,39.89,39.86,1,0,16.35,16.95
715548,41.44,41.41,715162,715162,0.06,39.67,39.57,1,0,16.35,16.97
716054,41.44,41.41,715162,715162,0.06,39.67,39.57,1,0,16.35,16.97
716560,41.51,41.43,716162,716162,0.02,39.89,39.86,1,0,16.14,16.97
717066,41.51,41.43,716162,716162,0.02,39.89,39.86,1,0,16.14,16.97
717572,41.51,41.49,717162,717162,0.05,39.71,39.63,1,0,16.14,17.01
718078,41.57,41.49,717162,717162,0.05,39.71,39.63,1,0,16.01,17.01
718584,41.57,41.54,718162,718162,0.05,39.7,39.62,1,0,16.01,17.02
719090,41.57,41.54,718162,718162,0.05,39.7,39.62,1,0,16.01,17.02
719596,41.62,41.56,719162,719162,0.01,39.9,39.87,1,0,15.81,17.02
720102,41.62,41.56,719162,719162,0.01,39.9,39.87,1,0,15.81,17.02
720608,41.69,41.6,720162,720162,0.03,39.81,39.76,1,0,15.88,17.05
721114,41.69,41.6,720162,720162,0.03,39.81,39.76,1,0,15.88,17.05
721620,41.73,41.66,721162,721162,0.06,39.69,39.6,1,0,15.66,17.08
722127,41.73,41.66,721162,721162,0.06,39.69,39.6,1,0,15.66,17.08
722633,41.73,41.71,722162,722162,0.04,39.75,39.68,1,0,15.66,17.09
723139,41.73,41.71,722162,722162,0.04,39.75,39.68,1,0,15.58,17.09
723645,41.73,41.73,723162,723162,0.01,39.91,39.89,1,0,15.58,17.09
724151,41.73,41.73,723162,723162,0.01,39.91,39.89,1,0,15.58,17.09
724657,41.78,41.73,724162,724162,0.0,39.97,39.96,1,0,15.4,17.09
725163,41.78,41.76,725162,725162,0.03,39.82,39.77,1,0,15.4,17.13
725669,41.81,41.76,725162,725162,0.03,39.82,39.77,1,0,15.23,17.13
726175,41.81,41.79,726162,726162,0.02,39.86,39.81,1,0,15.23,17.12
726681,41.82,41.79,726162,726162,0.02,39.86,39.81,1,0,14.88,17.12
727187,41.82,41.81,727162,727162,0.02,39.89,39.86,1,0,14.88,17.13
727693,41.82,41.81,727162,727162,0.02,39.89,39.86,1,0,14.88,17.13
728199,41.82,41.82,728162,728162,0.0,39.96,39.95,1,0,14.88,17.13
728705,41.82,41.82,728162,728162,0.0,39.96,39.95,1,0,14.88,17.13
729211,41.82,41.82,729162,729162,0.0,39.98,39.98,1,0,14.88,17.13
729717,41.88,41.82,729162,729162,0.0,39.98,39.98,1,0,14.9,17.13
730223,41.88,41.86,730162,730162,0.03,39.8,39.74,1,0,14.9,17.15
730729,41.88,41.86,730162,730162,0.03,39.8,39.74,1,0,14.9,17.15
731235,41.91,41.89,731162,731162,0.03,39.83,39.78,1,0,14.88,17.16
731741,41.91,41.89,731162,731162,0.03,39.83,39.78,1,0,14.88,17.16
732247,41.91,41.9,732162,732162,0.01,39.94,39.92,1,0,14.88,17.16
732753,41.91,41.9,732162,732162,0.01,39.94,39.92,1,0,14.88,17.16
733259,41.88,41.89,733162,733162,0.0,40.06,40.08,1,0,14.75,17.19
733765,41.88,41.89,733162,733162,0.0,40.06,40.08,1,0,14.75,17.19
734271,41.88,41.89,734162,734162,0.0,40.02,40.02,1,0,14.75,17.19
734777,41.88,41.89,734162,734162,0.0,40.02,40.02,1,0,14.75,17.19
735283,41.88,41.88,735162,735162,0.0,40.0,40.0,1,0,14.75,17.19
735789,41.94,41.88,735162,735162,0.0,40.0,40.0,1,0,14.17,17.19
736295,41.94,41.92,736162,736162,0.03,39.8,39.74,1,0,14.17,17.21
736801,41.93,41.92,736162,736162,0.03,39.8,39.74,1,0,14.4,17.21
737307,41.93,41.93,737162,737162,0.0,39.98,39.98,1,0,14.4,17.19
737813,41.93,41.93,737162,737162,0.0,39.98,39.98,1,0,14.4,17.19
738319,41.91,41.92,738162,738162,0.0,40.04,40.05,1,0,14.12,17.19
738825,41.91,41.92,738162,738162,0.0,40.04,40.05,1,0,14.12,17.19
739331,41.96,41.94,739162,739162,0.02,39.87,39.83,1,0,14.27,17.19
739837,41.96,41.94,739162,739162,0.02,39.87,39.83,1,0,14.27,17.19
740343,41.96,41.95,740162,740162,0.0,39.95,39.94,1,0,14.27,17.19
740849,41.96,41.95,740162,740162,0.0,39.95,39.94,1,0,14.27,17.19
741355,41.96,41.95,741162,741162,0.0,39.98,39.98,1,0,14.27,17.19
741861,41.91,41.95,741162,741162,0.0,39.98,39.98,1,0,14.73,17.19
742367,41.91,41.93,742162,742162,0.0,40.13,40.17,1,0,14.73,17.19
742873,41.96,41.93,742162,742162,0.0,40.13,40.17,1,0,14.19,17.19
743379,41.96,41.95,743162,743162,0.01,39.9,39.87,1,0,14.19,17.22
743885,41.94,41.95,743162,743162,0.01,39.9,39.87,1,0,13.99,17.22
744391,41.94,41.94,744162,744162,0.0,40.01,40.02,1,0,13.99,17.2
744897,41.94,41.94,744162,744162,0.0,40.01,40.02,1,0,13.99,17.2
745403,41.94,41.94,745162,745162,0.0,40.0,40.0,1,0,13.99,17.2
745909,41.88,41.94,745162,745162,0.0,40.0,40.0,1,0,13.73,17.2
746415,41.88,41.9,746162,746162,0.0,40.2,40.26,1,0,13.73,17.18
746921,41.87,41.9,746162,746162,0.0,40.2,40.26,1,0,13.71,17.18
747427,41.87,41.88,747166,747166,0.0,40.11,40.14,1,0,13.71,17.17
747933,41.87,41.88,747166,747166,0.0,40.11,40.14,1,0,13.71,17.17
748439,41.85,41.87,748166,748166,0.0,40.03,40.04,1,0,13.6,17.17
748945,41.85,41.87,748166,748166,0.0,40.03,40.04,1,0,13.6,17.17
749451,41.86,41.86,749166,749166,0.0,40.06,40.08,1,0,13.71,17.15
749957,41.86,41.86,749166,749166,0.0,40.06,40.08,1,0,13.71,17.15
750463,41.86,41.86,750166,750166,0.0,40.01,40.01,1,0,13.71,17.17
750969,41.88,41.86,750166,750166,0.0,40.01,40.01,1,0,13.42,17.17
751475,41.88,41.87,751166,751166,0.01,39.9,39.87,1,0,13.42,17.19
751981,41.81,41.87,751166,751166,0.01,39.9,39.87,1,0,13.66,17.19
752487,41.81,41.83,752166,752166,0.0,40.21,40.27,1,0,13.66,17.15
752993,41.81,41.83,752166,752166,0.0,40.21,40.27,1,0,13.66,17.15
753499,41.84,41.84,753169,753169,0.0,39.97,39.97,1,0,13.36,17.16
754005,41.84,41.84,753169,753169,0.0,39.97,39.97,1,0,13.36,17.16
754511,41.72,41.84,754169,754169,0.0,39.99,39.99,1,0,13.25,17.16
755017,41.72,41.84,754169,754169,0.0,39.99,39.99,1,0,13.25,17.16
755523,41.72,41.76,755169,755169,0.0,40.38,40.49,1,0,13.25,17.13
756029,41.71,41.76,755169,755169,0.0,40.38,40.49,1,0,13.34,17.13
756535,41.71,41.73,756169,756169,0.0,40.17,40.22,1,0,13.34,17.11
757041,41.69,41.73,756169,756169,0.0,40.17,40.22,1,0,13.16,17.11
757547,41.69,41.71,757169,757169,0.0,40.1,40.13,1,0,13.16,17.11
758053,41.69,41.71,757169,757169,0.0,40.1,40.13,1,0,13.16,17.11
758559,41.69,41.7,758169,758169,0.0,40.03,40.04,1,0,13.16,17.11
759065,41.69,41.7,758169,758169,0.0,40.03,40.04,1,0,13.16,17.11
759571,41.65,41.7,759169,759169,0.0,40.01,40.01,1,0,12.9,17.11
760077,41.65,41.7,759169,759169,0.0,40.01,40.01,1,0,12.9,17.11
760583,41.65,41.67,760169,760169,0.0,40.15,40.19,1,0,13.03,17.09
761089,41.65,41.67,760169,760169,0.0,40.15,40.19,1,0,13.03,17.09
761595,41.65,41.66,761169,761169,0.0,40.03,40.05,1,0,13.03,17.1
762101,41.62,41.66,761169,761169,0.0,40.03,40.05,1,0,12.83,17.1
762607,41.62,41.63,762169,762169,0.0,40.12,40.15,1,0,12.83,17.09
763113,41.62,41.63,762169,762169,0.0,40.12,40.15,1,0,12.83,17.09
763619,41.62,41.63,763169,763169,0.0,40.03,40.05,1,0,12.83,17.09
764125,41.58,41.63,763169,763169,0.0,40.03,40.05,1,0,12.72,17.09
764631,41.58,41.59,764169,764169,0.0,40.16,40.2,1,0,12.72,17.06
765137,41.58,41.59,764169,764169,0.0,40.16,40.2,1,0,12.72,17.06
765643,41.54,41.58,765169,765169,0.0,40.05,40.06,1,0,12.81,17.06
766149,41.54,41.58,765169,765169,0.0,40.05,40.06,1,0,12.81,17.06
766655,41.54,41.55,766169,766169,0.0,40.15,40.2,1,0,12.81,17.07
767161,41.56,41.55,766169,766169,0.0,40.15,40.2,1,0,12.55,17.07
767667,41.56,41.56,767171,767171,0.0,39.95,39.94,1,0,12.55,17.07
768173,41.48,41.5,768171,768171,0.0,40.28,40.36,1,0,12.5,17.04
768679,41.48,41.5,768171,768171,0.0,40.28,40.36,1,0,12.5,17.04
769185,41.48,41.48,769171,769171,0.0,40.09,40.12,1,0,12.5,17.04
769691,41.46,41.48,769171,769171,0.0,40.09,40.12,1,0,12.55,17.04
770197,41.46,41.47,770171,770171,0.0,40.07,40.09,1,0,12.55,17.04
770703,41.46,41.47,770171,770171,0.0,40.07,40.09,1,0,12.55,17.04
771209,41.43,41.45,771171,771171,0.0,40.12,40.15,1,0,12.55,17.03
771715,41.43,41.45,771171,771171,0.0,40.12,40.15,1,0,12.55,17.03
772221,41.39,41.41,772171,772171,0.0,40.2,40.26,1,0,12.44,16.99
772727,41.39,41.41,772171,772171,0.0,40.2,40.26,1,0,12.44,16.99
773233,41.39,41.39,773171,773171,0.0,40.06,40.08,1,0,12.44,16.99
773739,41.32,41.39,773171,773171,0.0,40.06,40.08,1,0,12.0,16.99
774245,41.32,41.34,774171,774171,0.0,40.25,40.32,1,0,12.0,16.97
774751,41.32,41.34,774171,774171,0.0,40.25,40.32,1,0,12.35,16.97
775257,41.32,41.32,775171,775171,0.0,40.08,40.1,1,0,12.35,16.99
775763,41.32,41.32,775171,775171,0.0,40.08,40.1,1,0,12.35,16.99
776269,41.24,41.27,776171,776171,0.0,40.27,40.35,1,0,12.44,16.96
776775,41.24,41.27,776171,776171,0.0,40.27,40.35,1,0,12.44,16.96
777281,41.24,41.25,777172,777172,0.0,40.08,40.11,1,0,12.44,16.96
777787,41.24,41.25,777172,777172,0.0,40.08,40.11,1,0,12.44,16.96
778293,41.23,41.24,778172,778172,0.0,40.06,40.08,1,0,12.37,16.98
778799,41.23,41.24,778172,778172,0.0,40.06,40.08,1,0,12.37,16.98
779305,41.14,41.17,779172,779172,0.0,40.32,40.42,1,0,12.0,16.92
779811,41.14,41.17,779172,779172,0.0,40.32,40.42,1,0,12.0,16.92
780317,41.14,41.15,780172,780172,0.0,40.1,40.14,1,0,12.28,16.92
780824,41.14,41.15,780172,780172,0.0,40.1,40.14,1,0,12.28,16.92
781330,41.14,41.15,781172,781172,0.0,40.03,40.03,1,0,12.28,16.93
781836,41.14,41.15,781172,781172,0.0,40.03,40.03,1,0,12.28,16.93
782342,41.02,41.06,782177,782177,0.0,40.4,40.52,1,0,11.95,16.87
782848,41.02,41.06,782177,782177,0.0,40.4,40.52,1,0,11.95,16.87
783354,41.02,41.04,783178,783178,0.0,40.13,40.17,1,0,11.95,16.87
783860,41.03,41.04,783178,783178,0.0,40.13,40.17,1,0,11.89,16.87
784366,41.03,41.03,784178,784178,0.0,40.03,40.04,1,1,11.89,16.89
784872,41.01,41.03,784178,784178,0.0,40.03,40.04,1,1,11.89,16.89
785378,41.01,41.02,785178,785178,0.0,40.07,40.09,1,1,11.89,16.86
785884,41.02,41.02,785178,785178,0.0,40.07,40.09,1,1,12.26,16.86
786391,41.02,41.02,786178,786178,0.0,39.97,39.96,1,1,12.26,16.87
786898,40.96,41.02,786178,786178,0.0,39.97,39.96,1,1,13.14,16.87
787404,40.96,40.98,787178,787178,0.0,40.19,40.24,1,1,13.14,16.84
787910,40.96,40.98,787178,787178,0.0,40.19,40.24,1,1,13.14,16.84
788416,40.47,40.97,788178,788178,0.0,40.06,40.08,1,1,14.43,16.84
788922,40.47,40.97,788178,788178,0.0,40.06,40.08,1,1,14.43,16.84
789428,40.47,40.63,789178,789178,0.0,41.68,42.18,0,0,14.43,16.64
789934,40.47,40.63,789178,789178,0.0,41.68,42.18,0,0,14.43,16.64
790440,39.75,40.04,790178,790178,0.0,42.97,43.86,0,0,14.12,16.3
790946,39.75,40.04,790178,790178,0.0,42.97,43.86,0,0,14.12,16.3
791452,39.38,39.6,791193,791193,0.0,42.18,42.83,0,0,14.06,16.16
791958,39.38,39.6,791193,791193,0.0,42.18,42.83,0,0,14.06,16.16
792464,39.38,39.45,792194,792194,0.0,40.72,40.94,0,0,14.06,16.16
792970,39.38,39.45,792194,792194,0.0,40.72,40.94,0,0,14.06,16.16
793476,39.38,39.4,793194,793194,0.0,40.24,40.31,0,0,14.06,16.16
793982,38.92,39.4,793194,793194,0.0,40.24,40.31,0,0,12.68,16.16
794488,38.92,39.08,794194,794194,0.0,41.6,42.09,0,0,12.68,15.94
794998,38.89,39.08,794194,794194,0.0,41.6,42.09,0,0,13.38,15.94
795505,38.89,38.96,795194,795194,0.0,40.62,40.81,0,0,13.38,15.93
796011,38.89,38.96,795194,795194,0.0,40.62,40.81,0,0,13.38,15.93
796517,38.92,38.93,796194,796194,0.0,40.11,40.14,0,0,13.27,15.94
797023,38.92,38.93,796194,796194,0.0,40.11,40.14,0,0,13.27,15.94
797529,38.88,38.9,797194,797194,0.0,40.18,40.24,0,0,13.14,15.92
798035,38.88,38.9,797194,797194,0.0,40.18,40.24,0,0,13.14,15.92
798541,38.94,38.88,798194,798194,0.0,40.06,40.08,0,0,13.51,15.92
799047,38.94,38.88,798194,798194,0.0,40.06,40.08,0,0,13.51,15.92
799553,38.89,38.92,799194,799194,0.03,39.82,39.76,0,0,13.27,15.94
800059,38.89,38.92,799194,799194,0.03,39.82,39.76,0,0,13.27,15.94
800565,38.89,38.9,800194,800194,0.0,40.09,40.12,0,0,13.27,15.9
801071,38.93,38.9,800194,800194,0.0,40.09,40.12,0,0,13.49,15.9
801577,38.93,38.92,801196,801196,0.01,39.91,39.88,0,0,13.49,15.95
802083,38.95,38.92,801196,801196,0.01,39.91,39.88,0,0,13.62,15.95
802589,38.95,38.94,802196,802196,0.02,39.89,39.86,0,0,13.62,15.92
803095,38.95,38.94,802196,802196,0.02,39.89,39.86,0,0,13.62,15.92
803601,38.94,38.94,803196,803196,0.0,39.96,39.95,0,0,13.77,15.92
804107,38.94,38.94,803196,803196,0.0,39.96,39.95,0,0,13.77,15.92
804613,38.94,38.94,804196,804196,0.0,40.01,40.02,0,0,13.77,15.96
805119,38.99,38.94,804196,804196,0.0,40.01,40.02,0,0,14.69,15.96
805625,38.99,38.98,805196,805196,0.03,39.82,39.76,0,0,14.69,15.95
806131,38.97,38.98,805196,805196,0.03,39.82,39.76,0,0,14.06,15.95
806637,38.97,38.97,806196,806196,0.0,40.03,40.04,0,0,14.06,15.95
807143,38.97,38.97,806196,806196,0.0,40.03,40.04,0,0,14.06,15.95
807649,39.04,38.97,807196,807196,0.0,40.01,40.01,0,0,14.4,15.95
808155,39.04,38.97,807196,807196,0.0,40.01,40.01,0,0,14.4,15.95
808661,39.03,39.02,808196,808196,0.04,39.75,39.68,0,0,14.62,15.98
809168,39.03,39.02,808196,808196,0.04,39.75,39.68,0,0,14.62,15.98
809674,39.03,39.02,809196,809196,0.0,39.96,39.94,0,0,14.62,15.99
810180,39.01,39.02,809196,809196,0.0,39.96,39.94,0,0,14.88,15.99
810686,39.01,39.01,810196,810196,0.0,40.04,40.06,0,0,14.88,15.98
811192,39.03,39.01,810196,810196,0.0,40.04,40.06,0,0,14.58,15.98
811698,39.03,39.02,811198,811198,0.0,39.95,39.94,0,0,14.58,15.99
812205,39.15,39.1,812204,812204,0.08,39.59,39.47,0,0,14.99,16.04
812711,39.15,39.1,812204,812204,0.08,39.59,39.47,0,0,14.99,16.04
813217,39.15,39.13,813205,813205,0.02,39.86,39.82,0,0,14.99,16.04
813723,39.13,39.13,813205,813205,0.02,39.86,39.82,0,0,15.75,16.04
814229,39.13,39.13,814205,814205,0.0,40.01,40.02,0,0,15.75,16.03
814735,39.13,39.13,814205,814205,0.0,40.01,40.02,0,0,15.75,16.03
815242,39.12,39.13,815205,815205,0.0,40.0,40.0,0,0,15.55,16.03
815749,39.12,39.13,815205,815205,0.0,40.0,40.0,0,0,15.55,16.03
816255,39.12,39.12,816205,816205,0.0,40.01,40.01,0,0,15.55,16.01
816761,39.12,39.12,816205,816205,0.0,40.01,40.01,0,0,15.55,16.01
817267,39.12,39.12,817205,817205,0.0,40.0,40.0,0,0,15.55,16.01
817773,39.2,39.12,817205,817205,0.0,40.0,40.0,0,0,15.68,16.01
818279,39.2,39.18,818205,818205,0.05,39.74,39.66,0,0,15.68,16.07
818785,39.22,39.18,818205,818205,0.05,39.74,39.66,0,0,16.16,16.07
819291,39.22,39.2,819205,819205,0.02,39.86,39.82,0,0,16.16,16.08
819797,39.2,39.2,819205,819205,0.02,39.86,39.82,0,0,16.18,16.08
820303,39.2,39.2,820205,820205,0.0,40.0,40.0,0,0,16.18,16.07
820809,39.2,39.2,820205,820205,0.0,40.0,40.0,0,0,16.18,16.07
821315,39.2,39.2,821206,821206,0.0,40.0,40.0,0,0,16.18,16.07
821821,39.24,39.2,821206,821206,0.0,40.0,40.0,0,0,16.14,16.07
822327,39.24,39.23,822206,822206,0.02,39.86,39.82,0,0,16.14,16.08
822833,39.24,39.23,822206,822206,0.02,39.86,39.82,0,0,16.14,16.08
823339,39.28,39.26,823206,823206,0.03,39.83,39.78,0,0,16.63,16.13
823845,39.28,39.26,823206,823206,0.03,39.83,39.78,0,0,16.63,16.13
824351,39.32,39.3,824206,824206,0.04,39.79,39.73,0,0,16.63,16.15
824857,39.32,39.3,824206,824206,0.04,39.79,39.73,0,0,16.63,16.15
825363,39.35,39.32,825206,825206,0.01,39.93,39.91,0,0,16.83,16.15
825869,39.35,39.32,825206,825206,0.01,39.93,39.91,0,0,16.83,16.15
826375,39.35,39.34,826206,826206,0.02,39.88,39.84,0,0,16.83,16.17
826881,39.35,39.34,826206,826206,0.02,39.88,39.84,0,0,16.87,16.17
827387,39.35,39.35,827206,827206,0.0,39.96,39.95,0,0,16.87,16.16
827893,39.35,39.35,827206,827206,0.0,39.96,39.95,0,0,16.87,16.16
828399,39.38,39.37,828206,828206,0.02,39.89,39.85,0,0,17.2,16.18
828905,39.38,39.37,828206,828206,0.02,39.89,39.85,0,0,17.2,16.18
829411,39.44,39.38,829206,829206,0.0,39.96,39.95,0,0,17.28,16.18
829917,39.44,39.38,829206,829206,0.0,39.96,39.95,0,0,17.28,16.18
830423,39.44,39.42,830206,830206,0.04,39.78,39.72,0,0,17.28,16.19
830929,39.44,39.42,830206,830206,0.04,39.78,39.72,0,0,17.28,16.19
831435,39.5,39.43,831206,831206,0.01,39.93,39.9,0,0,17.73,16.19
831941,39.5,39.43,831206,831206,0.01,39.93,39.9,0,0,17.73,16.19
832447,39.54,39.48,832207,832207,0.04,39.78,39.71,0,0,17.41,16.23
832953,39.54,39.48,832207,832207,0.04,39.78,39.71,0,0,17.41,16.23
833459,39.54,39.52,833207,833207,0.04,39.77,39.7,0,0,17.41,16.23
833965,39.53,39.52,833207,833207,0.04,39.77,39.7,0,0,17.6,16.23
834471,39.53,39.53,834207,834207,0.0,39.97,39.96,0,0,17.6,16.25
834977,39.53,39.53,834207,834207,0.0,39.97,39.96,0,0,17.6,16.25
835483,39.63,39.53,835207,835207,0.0,39.99,39.98,0,0,18.64,16.25
835989,39.63,39.53,835207,835207,0.0,39.99,39.98,0,0,18.64,16.25
836495,39.63,39.6,836207,836207,0.06,39.65,39.55,0,0,18.64,16.28
837001,39.67,39.6,836207,836207,0.06,39.65,39.55,0,0,18.27,16.28
837507,39.67,39.65,837207,837207,0.05,39.74,39.67,0,0,18.27,16.3
838013,39.73,39.65,837207,837207,0.05,39.74,39.67,0,0,18.34,16.3
838519,39.73,39.7,838207,838207,0.05,39.72,39.63,0,0,18.34,16.32
839025,39.76,39.7,838207,838207,0.05,39.72,39.63,0,0,18.6,16.32
839531,39.76,39.74,839207,839207,0.04,39.79,39.73,0,0,18.6,16.35
840037,39.84,39.74,839207,839207,0.04,39.79,39.73,0,0,18.64,16.35
840545,39.84,39.81,840207,840207,0.06,39.68,39.59,1,0,18.64,16.39
841051,39.92,39.81,840207,840207,0.06,39.68,39.59,1,0,18.75,16.39
841557,39.92,39.89,841207,841207,0.07,39.6,39.48,1,0,18.75,16.42
842063,39.92,39.89,841207,841207,0.07,39.6,39.48,1,0,18.75,16.42
842569,39.94,39.91,842207,842207,0.02,39.86,39.83,1,0,18.83,16.42
843075,39.94,39.91,842207,842207,0.02,39.86,39.83,1,0,18.83,16.42
843581,39.94,39.93,843207,843207,0.01,39.91,39.88,1,0,18.83,16.41
844087,40.03,39.93,843207,843207,0.01,39.91,39.88,1,0,19.0,16.41
844593,40.03,39.99,844207,844207,0.06,39.67,39.58,1,0,19.0,16.44
845099,40.04,39.99,844207,844207,0.06,39.67,39.58,1,0,18.88,16.44
845605,40.04,40.03,845207,845207,0.03,39.83,39.78,1,0,18.88,16.46
846111,40.1,40.03,845207,845207,0.03,39.83,39.78,1,0,19.03,16.46
846617,40.1,40.08,846207,846207,0.05,39.74,39.67,1,0,19.03,16.49
847123,40.1,40.08,846207,846207,0.05,39.74,39.67,1,0,19.03,16.49
847629,40.14,40.09,847207,847207,0.01,39.91,39.89,1,0,19.0,16.49
848135,40.14,40.09,847207,847207,0.01,39.91,39.89,1,0,19.0,16.49
848641,40.23,40.13,848207,848207,0.03,39.83,39.78,1,0,18.83,16.49
849147,40.23,40.13,848207,848207,0.03,39.83,39.78,1,0,18.83,16.49
849653,40.23,40.2,849207,849207,0.07,39.63,39.53,1,0,18.83,16.54
850159,40.33,40.2,849207,849207,0.07,39.63,39.53,1,0,18.88,16.54
850665,40.33,40.29,850207,850207,0.08,39.55,39.41,1,0,18.88,16.57
851171,40.37,40.29,850207,850207,0.08,39.55,39.41,1,0,18.32,16.57
851677,40.37,40.34,851207,851207,0.05,39.73,39.65,1,0,18.32,16.61
852183,40.37,40.34,851207,851207,0.05,39.73,39.65,1,0,18.32,16.61
852689,40.45,40.36,852207,852207,0.01,39.91,39.88,1,0,18.16,16.61
853195,40.45,40.36,852207,852207,0.01,39.91,39.88,1,0,18.16,16.61
853701,40.45,40.42,853207,853207,0.06,39.69,39.59,1,0,18.16,16.63
854207,40.53,40.49,854207,854207,0.07,39.64,39.53,1,0,18.36,16.68
854713,40.53,40.49,854207,854207,0.07,39.64,39.53,1,0,18.36,16.68
855219,40.57,40.54,855207,855207,0.05,39.74,39.66,1,0,18.34,16.69
855725,40.57,40.54,855207,855207,0.05,39.74,39.66,1,0,18.34,16.69
856231,40.61,40.59,856207,856207,0.04,39.76,39.69,1,0,18.12,16.69
856738,40.61,40.59,856207,856207,0.04,39.76,39.69,1,0,18.12,16.69
857244,40.61,40.61,857207,857207,0.01,39.92,39.89,1,0,18.12,16.69
857750,40.76,40.61,857207,857207,0.01,39.92,39.89,1,0,18.16,16.69
858256,40.76,40.71,858207,858207,0.1,39.48,39.32,1,0,18.16,16.77
858762,40.76,40.71,858207,858207,0.1,39.48,39.32,1,0,18.16,16.77
859268,40.76,40.74,859207,859207,0.03,39.82,39.77,1,0,18.14,16.77
859774,40.76,40.74,859207,859207,0.03,39.82,39.77,1,0,18.14,16.77
860280,40.86,40.82,860207,860207,0.07,39.6,39.48,1,0,17.88,16.8
860786,40.86,40.82,860207,860207,0.07,39.6,39.48,1,0,17.88,16.8
861292,40.86,40.85,861207,861207,0.02,39.86,39.82,1,0,17.88,16.8
861798,40.86,40.85,861207,861207,0.02,39.86,39.82,1,0,17.88,16.8
862304,40.98,40.94,862207,862207,0.08,39.56,39.43,1,0,17.63,16.86
862810,40.98,40.94,862207,862207,0.08,39.56,39.43,1,0,17.63,16.86
863316,41.08,40.97,863207,863207,0.02,39.85,39.81,1,0,17.13,16.86
863822,41.08,40.97,863207,863207,0.02,39.85,39.81,1,0,17.13,16.86
864328,41.08,41.04,864207,864207,0.07,39.6,39.49,1,0,17.13,16.9
864834,41.17,41.04,864207,864207,0.07,39.6,39.49,1,0,17.24,16.9
865340,41.17,41.13,865207,865207,0.08,39.58,39.46,1,0,17.24,16.92
865847,41.29,41.13,865207,865207,0.08,39.58,39.46,1,0,17.3,16.92
866354,41.29,41.23,866207,866207,0.1,39.46,39.3,1,0,17.3,16.98
866860,41.29,41.23,866207,866207,0.1,39.46,39.3,1,0,17.3,16.98
867366,41.27,41.26,867207,867207,0.02,39.87,39.84,1,0,17.24,16.96
867872,41.27,41.26,867207,867207,0.02,39.87,39.84,1,0,17.24,16.96
868378,41.27,41.27,868207,868207,0.0,39.96,39.94,1,0,17.24,16.96
868884,41.39,41.27,868207,868207,0.0,39.96,39.94,1,0,16.83,16.96
869390,41.39,41.35,869207,869207,0.08,39.58,39.46,1,0,16.83,17.01
869896,41.39,41.35,869207,869207,0.08,39.58,39.46,1,0,16.83,17.01
870402,41.39,41.38,870207,870207,0.02,39.86,39.82,1,0,16.83,17.01
870908,41.49,41.38,870207,870207,0.02,39.86,39.82,1,0,16.72,17.01
871414,41.49,41.45,871207,871207,0.07,39.61,39.5,1,0,16.72,17.04
871920,41.55,41.45,871207,871207,0.07,39.61,39.5,1,0,16.59,17.04
872426,41.55,41.52,872207,872207,0.06,39.66,39.56,1,0,16.59,17.09
872932,41.55,41.52,872207,872207,0.06,39.66,39.56,1,0,16.59,17.09
873438,41.61,41.58,873207,873207,0.05,39.7,39.61,1,0,16.4,17.1
873944,41.61,41.58,873207,873207,0.05,39.7,39.61,1,0,16.4,17.1
874450,41.67,41.64,874207,874207,0.06,39.69,39.6,1,0,16.31,17.12
874956,41.67,41.64,874207,874207,0.06,39.69,39.6,1,0,16.31,17.12
875462,41.67,41.66,875207,875207,0.01,39.9,39.87,1,0,16.16,17.12
875968,41.67,41.66,875207,875207,0.01,39.9,39.87,1,0,16.16,17.12
876474,41.73,41.67,876207,876207,0.0,39.96,39.95,1,0,16.31,17.12
876980,41.73,41.67,876207,876207,0.0,39.96,39.95,1,0,16.31,17.12
877486,41.73,41.71,877207,877207,0.04,39.78,39.72,1,0,16.31,17.17
877992,41.73,41.71,877207,877207,0.04,39.78,39.72,1,0,16.31,17.17
878498,41.79,41.76,878207,878207,0.05,39.73,39.65,1,0,15.68,17.19
879004,41.79,41.76,878207,878207,0.05,39.73,39.65,1,0,15.68,17.19
879510,41.79,41.78,879207,879207,0.01,39.91,39.88,1,0,15.68,17.19
880016,41.82,41.78,879207,879207,0.01,39.91,39.88,1,0,15.53,17.19
880522,41.82,41.81,880207,880207,0.02,39.86,39.82,1,0,15.53,17.2
881028,41.82,41.81,880207,880207,0.02,39.86,39.82,1,0,15.53,17.2
881534,41.87,41.85,881207,881207,0.04,39.78,39.71,1,0,15.64,17.2
882040,41.87,41.85,881207,881207,0.04,39.78,39.71,1,0,15.64,17.2
882546,41.93,41.86,882207,882207,0.01,39.92,39.9,1,0,15.55,17.2
883052,41.93,41.86,882207,882207,0.01,39.92,39.9,1,0,15.55,17.2
883558,41.93,41.91,883207,883207,0.04,39.76,39.69,1,0,15.55,17.25
884064,41.93,41.91,883207,883207,0.04,39.76,39.69,1,0,15.55,17.25
884570,41.95,41.93,884207,884207,0.01,39.92,39.89,1,0,15.81,17.25
885076,41.95,41.93,884207,884207,0.01,39.92,39.89,1,0,15.81,17.25
885582,41.98,41.94,885207,885207,0.01,39.93,39.91,1,0,15.49,17.24
886088,41.98,41.94,885207,885207,0.01,39.93,39.91,1,0,15.49,17.24
886594,41.96,41.96,886207,886207,0.02,39.88,39.84,1,0,15.27,17.26
887100,41.96,41.96,886207,886207,0.02,39.88,39.84,1,0,15.27,17.26
887606,41.96,41.96,887207,887207,0.0,40.01,40.01,1,0,15.27,17.23
888112,41.96,41.96,887207,887207,0.0,40.01,40.01,1,0,15.08,17.23
888619,41.96,41.96,888207,888207,0.0,40.0,40.0,1,0,15.08,17.23
889125,41.96,41.96,888207,888207,0.0,40.0,40.0,1,0,15.08,17.23
889631,42.0,41.96,889207,889207,0.0,40.0,40.0,1,0,14.97,17.23
890137,42.0,41.96,889207,889207,0.0,40.0,40.0,1,0,14.97,17.23
890643,42.0,41.99,890207,890207,0.02,39.85,39.81,1,0,14.97,17.26
891149,42.0,41.99,890207,890207,0.02,39.85,39.81,1,0,14.97,17.26
891655,42.02,42.0,891207,891207,0.0,39.95,39.93,1,0,14.77,17.26
892161,42.02,42.0,891207,891207,0.0,39.95,39.93,1,0,14.77,17.26
892667,42.01,42.02,892207,892207,0.01,39.91,39.88,1,0,14.54,17.29
893173,42.01,42.02,892207,892207,0.01,39.91,39.88,1,0,14.54,17.29
893679,42.01,42.01,893207,893207,0.0,40.03,40.04,1,0,14.54,17.27
894185,42.04,42.01,893207,893207,0.0,40.03,40.04,1,0,14.75,17.27
894691,42.04,42.03,894207,894207,0.01,39.9,39.87,1,0,14.75,17.29
895197,42.04,42.03,894207,894207,0.01,39.9,39.87,1,0,14.75,17.29
895703,42.04,42.04,895207,895207,0.0,39.96,39.95,1,0,14.75,17.29
896209,42.02,42.03,896207,896207,0.0,40.04,40.05,1,0,14.82,17.28
896715,42.02,42.03,896207,896207,0.0,40.04,40.05,1,0,14.82,17.28
897223,42.0,42.01,897222,897222,0.0,40.07,40.09,1,0,14.21,17.26
897729,42.0,42.01,897222,897222,0.0,40.07,40.09,1,0,14.21,17.26
898235,42.0,42.01,898223,898223,0.0,40.02,40.03,1,0,14.21,17.26
898741,41.97,42.01,898223,898223,0.0,40.02,40.03,1,0,14.36,17.26
899247,41.97,41.98,899223,899223,0.0,40.13,40.17,1,0,14.36,17.3
899753,41.99,41.98,899223,899223,0.0,40.13,40.17,1,0,14.08,17.3
900259,41.99,41.99,900223,900223,0.0,39.95,39.94,1,0,14.08,17.28
900765,41.96,41.99,900223,900223,0.0,39.95,39.94,1,0,14.12,17.28
901271,41.96,41.97,901223,901223,0.0,40.09,40.12,1,0,14.12,17.24
901777,41.96,41.97,901223,901223,0.0,40.09,40.12,1,0,14.12,17.24
902283,41.99,41.99,902223,902223,0.01,39.91,39.89,1,0,14.3,17.29
902789,41.99,41.99,902223,902223,0.01,39.91,39.89,1,0,14.3,17.29
903295,41.9,41.93,903223,903223,0.0,40.27,40.36,1,0,13.97,17.21
903801,41.9,41.93,903223,903223,0.0,40.27,40.36,1,0,13.97,17.21
904307,41.9,41.91,904223,904223,0.0,40.09,40.11,1,0,13.97,17.21
904813,41.96,41.91,904223,904223,0.0,40.09,40.11,1,0,13.93,17.21
905319,41.96,41.94,905223,905223,0.03,39.83,39.78,1,0,13.93,17.24
905825,41.96,41.94,905223,905223,0.03,39.83,39.78,1,0,13.93,17.24
906331,41.9,41.92,906223,906223,0.0,40.14,40.18,1,0,13.86,17.21
906837,41.9,41.92,906223,906223,0.0,40.14,40.18,1,0,13.86,17.21
907343,41.89,41.9,907223,907223,0.0,40.09,40.12,1,0,13.9,17.22
907849,41.89,41.9,907223,907223,0.0,40.09,40.12,1,0,13.9,17.22
908355,41.89,41.89,908223,908223,0.0,40.02,40.03,1,0,13.82,17.23
908861,41.89,41.89,908223,908223,0.0,40.02,40.03,1,0,13.82,17.23
909367,41.89,41.89,909223,909223,0.0,40.0,40.01,1,0,13.82,17.23
909873,41.86,41.89,909223,909223,0.0,40.0,40.01,1,0,14.03,17.23
910379,41.86,41.87,910223,910223,0.0,40.1,40.13,1,0,14.03,17.2
910885,41.83,41.87,910223,910223,0.0,40.1,40.13,1,0,13.58,17.2
911391,41.83,41.84,911223,911223,0.0,40.13,40.17,1,0,13.58,17.19
911897,41.83,41.84,911223,911223,0.0,40.13,40.17,1,0,13.58,17.19
912403,41.79,41.83,912223,912223,0.0,40.04,40.05,1,0,13.31,17.19
912909,41.79,41.83,912223,912223,0.0,40.04,40.05,1,0,13.31,17.19
913415,41.79,41.81,913223,913223,0.0,40.14,40.18,1,0,13.31,17.21
913921,41.73,41.81,913223,913223,0.0,40.14,40.18,1,0,13.38,17.21
914427,41.73,41.75,914223,914223,0.0,40.25,40.33,1,0,13.38,17.17
914933,41.71,41.75,914223,914223,0.0,40.25,40.33,1,0,13.21,17.17
915439,41.71,41.73,915223,915223,0.0,40.13,40.16,1,0,13.21,17.18
915945,41.71,41.73,915223,915223,0.0,40.13,40.16,1,0,13.21,17.18
916451,41.72,41.72,916223,916223,0.0,40.02,40.03,1,0,13.12,17.2
916957,41.72,41.72,916223,916223,0.0,40.02,40.03,1,0,13.12,17.2
917463,41.72,41.72,917223,917223,0.0,40.0,40.01,1,0,13.12,17.2
917969,41.62,41.72,917223,917223,0.0,40.0,40.01,1,0,13.23,17.2
918475,41.62,41.66,918223,918223,0.0,40.32,40.42,1,0,13.23,17.12
918981,41.62,41.66,918223,918223,0.0,40.32,40.42,1,0,13.23,17.12
919487,41.64,41.63,919223,919223,0.0,40.1,40.13,1,0,13.01,17.12
919993,41.64,41.63,919223,919223,0.0,40.1,40.13,1,0,13.01,17.12
920499,41.63,41.64,920223,920223,0.0,39.97,39.97,1,0,13.25,17.14
921005,41.63,41.64,920223,920223,0.0,39.97,39.97,1,0,13.25,17.14
